9.314053199335433665e-04
9.290743033806539344e-04
9.320985123494329727e-04
9.300212139855514515e-04
9.323974231742344345e-04
9.288370610744609837e-04
9.316318339171612752e-04
9.499250265066424854e-04
9.759289392658930746e-04
1.008260925250139498e-03
1.056332265003759058e-03
1.134926409672647445e-03
1.278300368586841830e-03
1.418487154848879122e-03
1.591823421176632872e-03
1.786634000302024516e-03
2.008457681058705476e-03
2.448048188628726765e-03
3.005385216736196439e-03
3.690290749196444182e-03
4.190212735756042479e-03
4.410943908789892801e-03
4.588828983136043586e-03
5.009642725474414832e-03
5.614362637241092704e-03
6.038750694045012281e-03
6.529659857511017212e-03
7.077197806112502619e-03
7.591573084125623899e-03
8.031504861735341144e-03
8.580663967432729938e-03
9.244223548718939407e-03
1.012243025261246911e-02
1.081287569897219566e-02
1.170538752707233829e-02
1.296502873583304551e-02
1.480478561989091897e-02
1.766430358472840037e-02
2.389118265454201820e-02
3.501075366187134108e-02
4.812719447942650358e-02
6.772075939035997194e-02
9.909801600098458452e-02
1.398779150940195337e-01
1.810792603932810663e-01
2.281311458399718217e-01
2.708973404382811201e-01
3.108701094794845687e-01
3.541044388540373622e-01
4.075380200879058501e-01
4.517902240940558367e-01
4.864062201944950314e-01
5.074493581021959354e-01
5.226381518930812708e-01
5.335379595049928314e-01
5.406263983218130287e-01
5.440708420098226972e-01
5.446562033018454985e-01
5.418149523096722486e-01
5.344611219477930497e-01
5.247836154646132734e-01
5.100911298565865559e-01
4.904517082945615836e-01
4.701528725301421519e-01
4.496684431511332458e-01
4.303524033864463694e-01
4.117328886956893585e-01
3.944059707980783758e-01
3.780627863618403195e-01
3.631878550147273899e-01
3.491436214712701491e-01
3.362696863870417441e-01
3.242240368284374785e-01
3.072388966514632003e-01
2.920946731245194217e-01
2.788803122642479204e-01
2.669002978247882463e-01
2.561799142867970391e-01
2.467301748731430266e-01
2.360705611374475654e-01
2.247833021198158976e-01
2.151105603856299231e-01
2.065671895129415625e-01
1.990524719225814088e-01
1.882797793679834297e-01
1.792393792891125714e-01
1.732447384674731805e-01
1.708760294173580774e-01
1.691873702659119627e-01
1.674045344167105764e-01
1.647934867688335414e-01
1.624114468702181902e-01
1.587375736854900188e-01
1.555080958740569508e-01
1.509261019104708723e-01
1.467765756225654084e-01
1.433099519844927006e-01
1.402225062632790620e-01
1.374977970640557656e-01
1.350117884444774208e-01
1.328564380365307995e-01
1.309844225732008371e-01
1.292938757494995206e-01
1.278412304031038005e-01
1.265005252793245383e-01
1.253628241398735133e-01
1.236386749761124171e-01
1.222462955413204377e-01
1.211773464073099688e-01
1.204839080884402697e-01
1.197530677501484064e-01
1.193201234563439628e-01
1.192756650321663420e-01
1.194792806877460895e-01
1.202770627890741711e-01
1.219523829868936898e-01
1.240633609324392900e-01
1.267603014639455961e-01
1.295891873709228426e-01
1.328622556794167853e-01
1.363386075361210648e-01
1.400163349954831049e-01
1.429716473982717284e-01
1.460472823246393714e-01
1.490255968034235046e-01
1.522099228118368452e-01
1.555185990916213290e-01
1.587775973911751681e-01
1.621378100914862008e-01
1.654982904264598320e-01
1.678844733495284958e-01
1.703313841910457094e-01
1.727006871898309204e-01
1.752075686213177275e-01
1.782559753933537494e-01
1.818873448936993431e-01
1.854285601874891276e-01
1.887884651005257153e-01
1.922170843151173314e-01
1.952803468991329283e-01
1.983270127962386276e-01
2.010808568667550589e-01
2.033988246459238203e-01
2.045235979453192965e-01
2.059890409084845497e-01
2.072581631546875081e-01
2.084433515881859156e-01
2.096149697693687475e-01
2.107153827817223601e-01
2.117271010987303859e-01
2.126023241811978159e-01
2.131365111666926604e-01
2.134786261140497743e-01
2.139649516329386880e-01
2.143639238563737059e-01
2.148979706858496208e-01
2.151549822898800035e-01
2.155375070376876201e-01
2.160147337783695221e-01
2.163768486356802134e-01
2.167912238066728170e-01
2.168283688592089753e-01
2.170883558761095289e-01
2.174684865186463645e-01
2.175970191083925476e-01
2.178049794663115546e-01
2.180741293098982236e-01
2.183676387545283870e-01
2.187219662941483067e-01
2.192090603760494527e-01
2.199597600864022506e-01
2.206440963313248405e-01
2.207150966128165748e-01
2.200324945252102316e-01
2.179739731821485060e-01
2.151720122966694348e-01
2.120353388634625413e-01
2.081198784668427948e-01
2.039074291660067373e-01
1.994736255012594939e-01
1.951574447703257886e-01
1.904876234850148564e-01
1.861298415090303082e-01
1.818296034680954854e-01
1.774528226809536924e-01
1.733744611412086356e-01
1.691995303179251453e-01
1.652361664900484917e-01
1.614073778819617444e-01
1.575796823666394120e-01
1.538525575984206195e-01
1.501451991947460041e-01
1.465685980257659948e-01
1.431358471890304684e-01
1.397066157910357986e-01
1.362692429547735506e-01
1.330481800513577673e-01
1.297194225490563846e-01
1.265523315742729249e-01
1.233727119150227064e-01
1.201771273809878054e-01
1.169841880547868723e-01
1.139283067505371116e-01
1.109344763510116127e-01
1.078002632962930946e-01
1.048507631569112475e-01
1.018101181777215924e-01
9.874629767050104034e-02
9.589414822783819126e-02
9.290905172888784536e-02
9.002217708716002409e-02
8.722570848837553348e-02
8.429826285394101393e-02
8.137046058424145245e-02
7.851485697688923016e-02
7.573027731235562610e-02
7.292918435521263121e-02
7.012134365044085660e-02
6.736791652203676095e-02
6.459667874456148651e-02
6.193209310521172184e-02
5.927371629274879455e-02
5.669595093907525002e-02
5.417421677605926966e-02
5.170138984198766746e-02
4.928907714773228532e-02
4.694003014350130176e-02
4.470143406954476401e-02
4.254589549994465536e-02
4.042970256163829629e-02
3.839978222167998029e-02
3.645364418574276177e-02
3.463056512230586886e-02
3.285548048979172048e-02
3.118188450533833367e-02
2.962992105733451911e-02
2.810471965835742783e-02
2.666064303443062625e-02
2.553630164266621622e-02
2.471830533074209288e-02
2.393974990246234072e-02
2.317381321353616935e-02
2.243534819114584647e-02
2.171285052108015007e-02
2.126814685044130585e-02
2.082503470138232643e-02
2.043638064528116235e-02
2.005514316002377645e-02
1.961441408655448942e-02
1.924486485487126794e-02
1.921530639996076387e-02
1.917524499886424580e-02
1.912746955755749434e-02
1.904231060682784471e-02
1.893741268226480784e-02
1.883035514671674640e-02
1.868194018795248448e-02
1.848191652114209924e-02
1.832033019539165350e-02
1.796085346484712145e-02
1.763702312412705059e-02
1.737436191909698391e-02
1.714483902183415800e-02
1.695147659559400125e-02
1.676773547855516661e-02
1.654573803601063625e-02
1.636395973473539836e-02
1.616384130485677348e-02
1.597587655097790910e-02
1.583177260339502929e-02
1.577873473701460472e-02
1.568766534698753240e-02
1.558384785210645621e-02
1.549239475277270663e-02
1.538117666063930182e-02
1.524861129212382906e-02
1.514917751769731362e-02
1.505057358759463032e-02
1.495600884730895717e-02
1.485242775323644682e-02
1.475560475420075249e-02
1.463037645828166658e-02
1.453045549418342623e-02
1.442908506476881132e-02
1.432380731679306317e-02
1.425782326291158593e-02
1.421594241216771193e-02
1.415313538287689410e-02
1.411310892927547869e-02
1.405117154212681858e-02
1.399847176986383779e-02
1.392255017244694790e-02
1.386613156656271717e-02
1.376164916227259026e-02
1.370904768478477080e-02
1.362262379749699416e-02
1.357213441027343807e-02
1.349330576010971533e-02
1.341922540214406274e-02
1.336094603000279393e-02
1.329213569105403177e-02
1.322513977833531668e-02
1.312074894808425672e-02
1.300776848559494041e-02
1.288674379181666170e-02
1.277472143728615277e-02
1.265077351882816330e-02
1.256050329342733515e-02
1.242305803766564042e-02
1.233955628238153114e-02
1.222390334823473916e-02
1.210461475689447383e-02
1.201998235505808733e-02
1.191354490508486630e-02
1.181074998565129382e-02
1.172108464387369015e-02
1.160628164620659993e-02
1.151661328976652521e-02
1.140414180197532774e-02
1.130955433904369013e-02
1.124363106353750384e-02
1.113817333413632052e-02
1.104670886539842363e-02
1.094706191104803834e-02
1.085093326590368633e-02
1.075635564461527825e-02
1.069457175682228534e-02
1.060716820820669683e-02
1.050028023502024704e-02
1.041961556246450912e-02
1.033966244773480529e-02
1.024909243494961757e-02
1.016481989808252530e-02
1.012647390407864223e-02
1.009191767915655971e-02
1.003794761255056255e-02
1.000400666782561530e-02
9.930623742922278785e-03
9.883377159678317925e-03
9.805273122512907572e-03
9.765710621506572264e-03
9.644870111927933767e-03
9.560709530620254901e-03
9.348351611405392864e-03
9.084975187507053629e-03
8.847976467941897488e-03
8.616710114248820121e-03
8.348634157419293489e-03
8.082837864110145251e-03
7.827495158587669324e-03
7.590223289071371983e-03
7.346239979947924957e-03
7.146417776251613729e-03
6.926696546876796867e-03
6.738330599800464345e-03
6.553948215573764981e-03
6.373824028998052380e-03
6.207063724655599926e-03
6.054227233809714344e-03
5.909442718332859334e-03
5.771121401927425086e-03
5.640501928518394138e-03
5.518143898937273237e-03
5.402477112309692943e-03
5.303095816011607101e-03
5.176825123627284107e-03
5.090155338426091691e-03
5.001817408930052562e-03
4.890081655863673382e-03
4.812479789490631439e-03
4.740495052641186501e-03
4.666263747535672607e-03
4.580701060982271706e-03
4.519630113987410831e-03
4.451103808215897510e-03
4.398077839517683038e-03
4.342587424252158761e-03
4.282407695230340539e-03
4.237518324640675467e-03
4.176309242347511427e-03
4.115756735950011798e-03
4.075345914746622382e-03
4.035134185085455759e-03
3.991055772689493415e-03
3.946160429895414178e-03
3.904663037975107491e-03
3.854414706120543131e-03
3.818175148089346816e-03
3.785906523574023453e-03
3.731367396468681426e-03
3.708127261880413052e-03
3.666660494744661877e-03
3.628828484896696755e-03
3.607385422839031863e-03
3.577594965137573507e-03
3.538767960494986018e-03
3.509735182020579537e-03
3.473671568394695684e-03
3.445904897135858725e-03
3.416748383954575433e-03
3.393887124489691938e-03
3.354342265148655376e-03
3.328617559521465045e-03
3.306117168284645243e-03
3.275174130261159985e-03
3.253784892547099614e-03
3.231379106073162776e-03
3.209517159744464890e-03
3.182293389225867783e-03
3.160370103510022188e-03
3.143648039158621846e-03
3.114873158319113235e-03
3.092888209244038129e-03
3.084856845949565576e-03
3.063907080027236402e-03
3.039626571570263475e-03
3.015888892025413159e-03
2.996947869670957450e-03
2.981129195641493788e-03
2.962087782218411538e-03
2.942622384530079425e-03
2.929461842470208570e-03
2.915493497043083679e-03
2.886358951809848711e-03
2.891970504885476093e-03
2.866644591025316151e-03
2.845436005083519342e-03
2.830702432259835175e-03
2.823518128235179541e-03
2.805046895589571963e-03
2.789594071795016388e-03
2.769600071071765326e-03
2.754190509871420368e-03
2.744127292659817238e-03
2.720570432067479730e-03
2.701456645196469251e-03
2.697170237564451220e-03
2.685925332544486770e-03
2.669771855539994354e-03
2.660460633897306949e-03
2.650758721732216546e-03
2.631064350002183284e-03
2.614145813234831917e-03
2.602259109507372783e-03
2.589264296742254442e-03
2.590784482194494458e-03
2.575882357858002604e-03
2.557468314368270806e-03
2.538149345017300280e-03
2.524722137040791119e-03
2.520059778949759136e-03
2.510856810018585305e-03
2.491617222192116059e-03
2.484007012195109821e-03
2.468129345366801026e-03
2.459273154708758492e-03
2.447698103978255147e-03
2.430563268593125340e-03
2.426044709964750648e-03
2.407413886315187216e-03
2.403059509892405132e-03
2.390888667221543942e-03
2.386065818459614900e-03
2.366886859980014187e-03
2.365995658218657607e-03
2.359761418052590091e-03
2.350630883709814781e-03
2.327455568023888751e-03
2.330227625650379414e-03
2.319353632752074387e-03
2.310836820347402128e-03
2.298967419107955656e-03
2.294738339619179727e-03
2.290744294974860450e-03
2.283318166355066334e-03
2.280389760003667492e-03
2.263017241697430279e-03
2.265378757168517304e-03
2.253062034877120409e-03
2.244941170288348390e-03
2.244165849277117170e-03
2.240280193819688907e-03
2.234859599756708337e-03
2.226551381919302398e-03
2.227643370511018205e-03
2.217728536859143052e-03
2.216057586995700320e-03
2.208657430798075753e-03
2.206086190534611424e-03
2.199666760979739153e-03
2.198503095362790236e-03
2.193988760262012214e-03
2.182651457540178350e-03
2.193621930485825742e-03
2.184785698817307692e-03
2.178535531192776504e-03
2.178501886247217762e-03
2.167203184842038735e-03
2.169378708722012952e-03
2.164685029535155965e-03
