2.649035761463003610e-05
2.634012191641969033e-05
2.651789378879596592e-05
2.637164115654620566e-05
2.650025110738085733e-05
2.626259346166930322e-05
2.640839516268506362e-05
2.750105222027404725e-05
2.898079866126915542e-05
3.087806757012014476e-05
3.374156426459677259e-05
3.874710682461363531e-05
4.845524267569548664e-05
5.874256851064898577e-05
7.215090211237790022e-05
8.793340280699514272e-05
1.068668783241678893e-04
1.461306933670803972e-04
1.986518730251686429e-04
2.656527506713916484e-04
3.159240002239034487e-04
3.387997451099478423e-04
3.565237258921233484e-04
3.996042956260174449e-04
4.616445182515287009e-04
5.039939052858679680e-04
5.534089703529261823e-04
6.035191848017032977e-04
6.476918167319247561e-04
6.799813099910796471e-04
7.227803622518028971e-04
7.662644526173115851e-04
8.152072428428693788e-04
8.503598027541978263e-04
8.870454816895863726e-04
9.461634803717482124e-04
1.032694849080667337e-03
1.209875520692718122e-03
1.823022602911223431e-03
3.637518709363486528e-03
6.648139328734109336e-03
1.226795684227957248e-02
2.313987391989416956e-02
3.988722599056440665e-02
5.916683213667311286e-02
8.400938333585596107e-02
1.090939533636263725e-01
1.343416431043293890e-01
1.637852497388043727e-01
2.029347670747185250e-01
2.374493307473449222e-01
2.657043101558912435e-01
2.834909927939410768e-01
2.963099320544357318e-01
3.055857140866182764e-01
3.115091379816758987e-01
3.140192816592086156e-01
3.139570424817989536e-01
3.103572150291608045e-01
3.023130576333775688e-01
2.923219605462113457e-01
2.776278999615472420e-01
2.588501606001236133e-01
2.401355170403519645e-01
2.218844273823122604e-01
2.054000615550284903e-01
1.899880254040365590e-01
1.762154284607830024e-01
1.636678051058350902e-01
1.526841390860972647e-01
1.426085722888743024e-01
1.336106555622214587e-01
1.254291533228970301e-01
1.144407859820672918e-01
1.049626713949908668e-01
9.703849850685430933e-02
9.002356042496857669e-02
8.401804115806954520e-02
7.887766837877135950e-02
7.322854446507799653e-02
6.744044094184549476e-02
6.269013942344042745e-02
5.861640052740012263e-02
5.513474124585906327e-02
5.023337048268865929e-02
4.624830410489413207e-02
4.376025996110739086e-02
4.273626330031200793e-02
4.200664341372310068e-02
4.126737080515203299e-02
4.018479149050070004e-02
3.922728060281627932e-02
3.768744842338304923e-02
3.640813554013976050e-02
3.460455999103712044e-02
3.294508537882528260e-02
3.158745454014959264e-02
3.039157989159647910e-02
2.936083087276949999e-02
2.836337059417844836e-02
2.754458026937117721e-02
2.680453324304336860e-02
2.614367392858939904e-02
2.558081667443653368e-02
2.503305341052886046e-02
2.460598894486186461e-02
2.387565956825163024e-02
2.326302779270682936e-02
2.278055738910051906e-02
2.241884660356756667e-02
2.198502892826434407e-02
2.161004452230618281e-02
2.134122199165822825e-02
2.116682987217421291e-02
2.108281259605994037e-02
2.120151727372764777e-02
2.145779848883140606e-02
2.192310795899477666e-02
2.241186096580246798e-02
2.307772578124491630e-02
2.383360314989563938e-02
2.468216935640369161e-02
2.541542800511393044e-02
2.620200195575954696e-02
2.698675873286491070e-02
2.785053649308138687e-02
2.878795168252644421e-02
2.973274503915614153e-02
3.073705415179194336e-02
3.177536126556080448e-02
3.251437165685551467e-02
3.330549761756616822e-02
3.406801914569451695e-02
3.490789962538597829e-02
3.593967076862491367e-02
3.718261519511640439e-02
3.843243577788878207e-02
3.963030503257370524e-02
4.090188153741135951e-02
4.203575790243785359e-02
4.319830906520982783e-02
4.424927491034264665e-02
4.516137830089368699e-02
4.558773184746114232e-02
4.618875541618843589e-02
4.667918113306773059e-02
4.715736138718966408e-02
4.763151655236813609e-02
4.806517372086386436e-02
4.846763348638409574e-02
4.882340964856692056e-02
4.904148743408299344e-02
4.917390078785422586e-02
4.937427356582077542e-02
4.953824231029787389e-02
4.975296275688689818e-02
4.985002647281112226e-02
5.000434104410954317e-02
5.020355263114002764e-02
5.035453863543436909e-02
5.052094010506531785e-02
5.051888594803710664e-02
5.062079506297232495e-02
5.078118803062982300e-02
5.083259530780628865e-02
5.091441755343419084e-02
5.102686552389814473e-02
5.113337246242845302e-02
5.126808047406423291e-02
5.145268457887693103e-02
5.172889242067523624e-02
5.196246955164859210e-02
5.190482861391573083e-02
5.147387588607534037e-02
5.042371675449100477e-02
4.906138638671368041e-02
4.758237140950655197e-02
4.578223463146013222e-02
4.390039315109300205e-02
4.196412330796880918e-02
4.013198621646137110e-02
3.819252029917805796e-02
3.643382682094920000e-02
3.474085807460423891e-02
3.306353482158096851e-02
3.153594238984931686e-02
3.001676652565446121e-02
2.860981075299245252e-02
2.728700940906569547e-02
2.599498036726903549e-02
2.477069947513877227e-02
2.358436353487612311e-02
2.246590162586079714e-02
2.142002368428390716e-02
2.040009108310134392e-02
1.940123060131565894e-02
1.849206557498930814e-02
1.757639068426171056e-02
1.672369723653872528e-02
1.589329236648113694e-02
1.507869607946420339e-02
1.428919445285613439e-02
1.355291531143713521e-02
1.285246193013463503e-02
1.214151378785869283e-02
1.149136145500489689e-02
1.084186021138073934e-02
1.020668306965885445e-02
9.634947873545404023e-03
9.055845201684358317e-03
8.515050909300823576e-03
8.011787658455489167e-03
7.502136402060620435e-03
7.014855849613920412e-03
6.558930207133679274e-03
6.133979608614569673e-03
5.720218193960758049e-03
5.324311259978641020e-03
4.953131726754393151e-03
4.594960101904558940e-03
4.269232613875174193e-03
3.956020660782115853e-03
3.666908753933189723e-03
3.395522015856493412e-03
3.139453850655199874e-03
2.899192318503774658e-03
2.677035044974358791e-03
2.473611968790949932e-03
2.286619730478198914e-03
2.108982342057081575e-03
1.947051848039779666e-03
1.797646557868513720e-03
1.662605002046784776e-03
1.534275729602964941e-03
1.418789138332132152e-03
1.316648496710894328e-03
1.218481074074178423e-03
1.128238769611924911e-03
1.060334701874232578e-03
1.012136029308320596e-03
9.681723716985042236e-04
9.242468962394177366e-04
8.837231573817963927e-04
8.446176378218798195e-04
8.203841230066356502e-04
7.965932395643292654e-04
7.774327725378381640e-04
7.592896326104928671e-04
7.354023544393677387e-04
7.170268933984998757e-04
7.161291179425353232e-04
7.133610423839399205e-04
7.113008551023126307e-04
7.078993863581044786e-04
7.019997421874329567e-04
6.970830917585564080e-04
6.895193235483764414e-04
6.786851664894474976e-04
6.724002613770425950e-04
6.537325284105906416e-04
6.388774508066892219e-04
6.262953796854311191e-04
6.150110946294401861e-04
6.065194502179437888e-04
5.986249374944683068e-04
5.876836289511231477e-04
5.788998782608759325e-04
5.698835285072044498e-04
5.613007558942198667e-04
5.551339734517340150e-04
5.527208162439558150e-04
5.487322869777178655e-04
5.440408740887433094e-04
5.397043171752823575e-04
5.355319547812983005e-04
5.282616764022743903e-04
5.240368691931979617e-04
5.202732544078695785e-04
5.155431894226773391e-04
5.113744175982305046e-04
5.071398580994440240e-04
5.014179601817038813e-04
4.965374859469308269e-04
4.916131455843771383e-04
4.875964764124741122e-04
4.843692868586420481e-04
4.832867526258078478e-04
4.810176373654540677e-04
4.786597892408145610e-04
4.757883340936846757e-04
4.736942374874781236e-04
4.698680274515859481e-04
4.687789763214535773e-04
4.626047703779229440e-04
4.612297235479649897e-04
4.574094666472113078e-04
4.555055895297328481e-04
4.522989898371613041e-04
4.490808455766161352e-04
4.463718403682121784e-04
4.440727938691608925e-04
4.407400050976932214e-04
4.362149746119402326e-04
4.320986985322302775e-04
4.270350928293325794e-04
4.219607779223614346e-04
4.165949457852150678e-04
4.136495116283179824e-04
4.074629490556828742e-04
4.047518597282393524e-04
3.995165004721977975e-04
3.945895940304453703e-04
3.913139892098004566e-04
3.872583107288811270e-04
3.829732637770035973e-04
3.799552898932979147e-04
3.749577141541021556e-04
3.716464420390172595e-04
3.668295171058071698e-04
3.633925227400475167e-04
3.610082353117571776e-04
3.569616054573330729e-04
3.535986508493095580e-04
3.494389765390625425e-04
3.453587425894937306e-04
3.417716263499854861e-04
3.401131432205162447e-04
3.367768386628670202e-04
3.321812662049226038e-04
3.291408106476602282e-04
3.264970703892261603e-04
3.231484169671736150e-04
3.196509473431591503e-04
3.182188858315897163e-04
3.166714633655898529e-04
3.149763170892230031e-04
3.136018538988099452e-04
3.108501778678083661e-04
3.091764703572511767e-04
3.060848772112410160e-04
3.058279740491875510e-04
3.001031147630956429e-04
2.974815719669370224e-04
2.897851742282855306e-04
2.800582178693353870e-04
2.720463865101034541e-04
2.635830911755706338e-04
2.541579543068438608e-04
2.454768964445229484e-04
2.368158530709024939e-04
2.288379854188139762e-04
2.208472811418454352e-04
2.148847404361361893e-04
2.075036242676272515e-04
2.015861701530286204e-04
1.957577231381553028e-04
1.899229760070178833e-04
1.848481380482967687e-04
1.803362935144149106e-04
1.760315596264974821e-04
1.716202967653399905e-04
1.680084596398907456e-04
1.642647611698893370e-04
1.606512832624051401e-04
1.582180959637123814e-04
1.536663263304697017e-04
1.515915413199051258e-04
1.489047225736431137e-04
1.450818374846097399e-04
1.429091395795883490e-04
1.408475637148373844e-04
1.389132690648982402e-04
1.359024511946378591e-04
1.341820649787879452e-04
1.320661164860533528e-04
1.309343142377022691e-04
1.292317231193706669e-04
1.274721945571885312e-04
1.263578975880097336e-04
1.240507988543066592e-04
1.223241051414762442e-04
1.212679358576772179e-04
1.202218958712589854e-04
1.190464900924112864e-04
1.177196013203625919e-04
1.165489267599335345e-04
1.148070862271398222e-04
1.138027595906654648e-04
1.130143173736878628e-04
1.106837776256814959e-04
1.105900545799090974e-04
1.088545698646061312e-04
1.074159119043377681e-04
1.073751403548121040e-04
1.061777907154187837e-04
1.048808778942103017e-04
1.038470906330996279e-04
1.023612245109258056e-04
1.016475251600462525e-04
1.005856573225833811e-04
9.986444709225997458e-05
9.821444976294477474e-05
9.737436117573399397e-05
9.653239690568384630e-05
9.531989665373091899e-05
9.470096420917880633e-05
9.392603830807645952e-05
9.315610325445679730e-05
9.206045230491770467e-05
9.130941227889388841e-05
9.082009625456223751e-05
8.959494899934461237e-05
8.866233190857623816e-05
8.878076190552209907e-05
8.798060485150341792e-05
8.695397930556886756e-05
8.604796493939563735e-05
8.534857625218711841e-05
8.486106127137959816e-05
8.405875811951452677e-05
8.333179626405808592e-05
8.290054750178087336e-05
8.243294956647421079e-05
8.112460385345641892e-05
8.180434129168496799e-05
8.065048434916640091e-05
7.981095962649608798e-05
7.930410414242825413e-05
7.919440784280461405e-05
7.852670196639303978e-05
7.793149170454761229e-05
7.711137579814673882e-05
7.652920916339719937e-05
7.624267783932753403e-05
7.526224530677227617e-05
7.446585572385848494e-05
7.460761858445775780e-05
7.422251170584990188e-05
7.365486859411648265e-05
7.339759150644937342e-05
7.330036140151889286e-05
7.252667267120101126e-05
7.186450241420761029e-05
7.157532209546429178e-05
7.119511921138223286e-05
7.167273212641156628e-05
7.117815183864119018e-05
7.051400724346657835e-05
6.986634423541365042e-05
6.944129400617429315e-05
6.958601176562134890e-05
6.940135478132706008e-05
6.882391551129974738e-05
6.863897913662819707e-05
6.811566853796597459e-05
6.789070563016222695e-05
6.778855712350304746e-05
6.713107737722282518e-05
6.714527637126161861e-05
6.629638143661242876e-05
6.637988848594504989e-05
6.607903504200152915e-05
6.589111427667492492e-05
6.525106914147339233e-05
6.528587524927589706e-05
6.510157388924168293e-05
6.490283588756381983e-05
6.373988332134253776e-05
6.418630883667832956e-05
6.369698521453654805e-05
6.334359952538772865e-05
6.279395333188150200e-05
6.274416972215754625e-05
6.270701256322642743e-05
6.223046940567560342e-05
6.231527208866032052e-05
6.148595828906390384e-05
6.171186275986983213e-05
6.107332273229546719e-05
6.070562023824481988e-05
6.078405639452778673e-05
6.064042718907944145e-05
6.040530652629427127e-05
5.997730462988139092e-05
6.016979671079442332e-05
5.971356042620427272e-05
5.964981127813202599e-05
5.939639983039728452e-05
5.932577154027246518e-05
5.898939030954470150e-05
5.907831155661981702e-05
5.884517018167406758e-05
5.832655555538784339e-05
5.904914892530770386e-05
5.865912652390470431e-05
5.836173546408799962e-05
5.849837261079741550e-05
5.795738224470422623e-05
5.819372016268539613e-05
5.802926389112707251e-05
