2.306075645917059734e-03
2.302016480721007750e-03
2.307572787438781203e-03
2.303972253541303021e-03
2.308433471063475479e-03
2.301863928296666011e-03
2.307278519158317744e-03
2.346464472666672223e-03
2.403113573739839182e-03
2.471014466985066611e-03
2.577976853616957553e-03
2.762477976208657475e-03
3.103135403564255719e-03
3.467010745092995519e-03
3.922309790888848027e-03
4.451949114564106649e-03
5.058926318506007207e-03
6.310230341814290420e-03
7.883757885094440365e-03
9.806411843039184589e-03
1.117977289399789409e-02
1.177717979038196174e-02
1.226336189092075771e-02
1.339644386395790268e-02
1.499603448522370680e-02
1.611798181206240341e-02
1.738892867300721387e-02
1.882715117494723409e-02
2.016621552402547701e-02
2.132714128785183003e-02
2.272630591578029755e-02
2.441915782400367121e-02
2.662536462427859268e-02
2.830905749147558104e-02
3.044508437226569122e-02
3.329113086091829016e-02
3.722275811410367952e-02
4.284400719107814975e-02
5.383005539110552462e-02
7.129375879060802224e-02
9.027659490402288600e-02
1.169753803983315382e-01
1.572698418390879038e-01
2.067175699431599012e-01
2.544801575010445793e-01
3.069770451181649262e-01
3.531675174550391594e-01
3.953637510626770157e-01
4.400070001243180928e-01
4.939986441751633706e-01
5.378665242575021432e-01
5.717167957785291854e-01
5.920882003862294463e-01
6.068190411447937915e-01
6.173829946993278917e-01
6.243162426043172841e-01
6.278477113780490670e-01
6.286969592939225526e-01
6.265252841900662562e-01
6.202152303630134034e-01
6.116678096316389146e-01
5.984994343397145311e-01
5.806187927609325339e-01
5.619094108199761406e-01
5.428421146608142234e-01
5.246245089351224689e-01
5.068975817237866277e-01
4.901966085484429914e-01
4.742825685754833431e-01
4.596301485731603131e-01
4.456795794175444358e-01
4.327933803333802176e-01
4.206338861548000740e-01
4.032396223362640919e-01
3.875650860700147193e-01
3.737396145151256066e-01
3.610848532843915493e-01
3.496263863018935214e-01
3.394390515914428308e-01
3.278540031938237398e-01
3.154641567291537330e-01
3.047247410279279034e-01
2.951520125578903642e-01
2.866628611085755840e-01
2.744230355469891580e-01
2.640557647282164022e-01
2.570809992850716097e-01
2.543499735807956408e-01
2.523983863846985254e-01
2.503199093385486962e-01
2.472717317581580310e-01
2.444682089714952100e-01
2.401896975908864307e-01
2.363780597408346729e-01
2.309502384049039458e-01
2.260520767492422700e-01
2.219401782985954974e-01
2.182678846078341950e-01
2.150123530182612430e-01
2.120790651266012128e-01
2.095083683054927148e-01
2.072898023267098766e-01
2.052848435057029741e-01
2.035649118170717586e-01
2.019918549049695422e-01
2.006355486200840921e-01
1.986509263894628563e-01
1.970693612161401875e-01
1.958665529642185099e-01
1.951429677030514231e-01
1.944224498670887036e-01
1.941095401645776819e-01
1.942991422579202487e-01
1.947866496888664423e-01
1.961125964054863946e-01
1.985860897445553552e-01
2.015941695854644167e-01
2.052919970609321798e-01
2.091494421690304750e-01
2.135036893681294679e-01
2.180673793264251425e-01
2.228415052756462233e-01
2.266145466450703305e-01
2.305093054050265655e-01
2.342614151410849221e-01
2.382373276377722504e-01
2.423309172651151311e-01
2.463329838794594273e-01
2.504393007553006867e-01
2.545077834314252718e-01
2.573871762292259668e-01
2.603217539476928022e-01
2.631568868994537125e-01
2.661284309226268907e-01
2.697334018185472693e-01
2.740169549060134102e-01
2.781590405426204726e-01
2.820827497695970743e-01
2.860412611843820563e-01
2.895850788757476924e-01
2.930821855786816532e-01
2.962441596482950357e-01
2.988828990133357566e-01
3.001763701508728954e-01
3.018267023129975191e-01
3.032782858091757072e-01
3.046186713076964314e-01
3.059452742628541166e-01
3.071991429270770069e-01
3.083481962264560949e-01
3.093393105427982293e-01
3.099424752678822115e-01
3.103336588848267241e-01
3.108817834905034383e-01
3.113294787782832640e-01
3.119391387466241006e-01
3.122301571816974430e-01
3.126642628665992074e-01
3.132042955572783005e-01
3.136071112568531438e-01
3.140774216238837457e-01
3.141345745854406957e-01
3.144298151065804126e-01
3.148579922285241195e-01
3.150023025522436515e-01
3.152362693420741602e-01
3.155420133691141937e-01
3.158817413701104915e-01
3.162930093786998631e-01
3.168545470412458265e-01
3.177273916952144117e-01
3.185348179065621843e-01
3.186843630947718831e-01
3.180323256491949246e-01
3.158744802653294381e-01
3.128867298064704205e-01
3.095140492198007465e-01
3.052743926588237233e-01
3.006715101100545517e-01
2.958040026482324225e-01
2.910276038939748622e-01
2.858348184898733546e-01
2.809474402345659705e-01
2.760979461360222320e-01
2.711259212349842462e-01
2.664719046543122527e-01
2.616660869376573051e-01
2.570777073896738374e-01
2.526141567215010597e-01
2.481243634979033441e-01
2.437255087588601765e-01
2.393203083354706051e-01
2.350443535505823689e-01
2.309158962970904727e-01
2.267662988691907244e-01
2.225820779443170583e-01
2.186319836473947786e-01
2.145223448032674007e-01
2.105956814668998034e-01
2.066201568534275779e-01
2.026019382110670342e-01
1.985505759860095032e-01
1.946499069539272264e-01
1.907953156214452217e-01
1.867284119231740758e-01
1.828686761426720486e-01
1.788541815488262909e-01
1.747747490726768438e-01
1.709379622655869957e-01
1.668857411122955103e-01
1.629313556462373136e-01
1.590568232530257531e-01
1.549602313816805521e-01
1.507998394454631574e-01
1.466840159650424080e-01
1.426111395767296619e-01
1.384731390879760937e-01
1.342711228237385424e-01
1.300893185823528142e-01
1.258180728139366433e-01
1.216303594420439921e-01
1.174055094441818492e-01
1.132368566616839267e-01
1.091000433910367384e-01
1.049937315406318794e-01
1.009443973792962523e-01
9.693765988890643004e-02
9.306232370439349033e-02
8.928214990542648888e-02
8.552987002128033256e-02
8.187009026275966772e-02
7.831418920465148259e-02
7.494287784846631606e-02
7.163192550419709981e-02
6.847061474641974455e-02
6.549156711442519208e-02
6.254889076265666981e-02
5.972962652921966209e-02
5.751693634126751192e-02
5.589157319056810291e-02
5.432972756786046131e-02
5.279517569483115763e-02
5.129830480302582929e-02
4.982700052396769885e-02
4.892115176102182494e-02
4.801333959282840652e-02
4.719843644997231968e-02
4.639222730176757042e-02
4.549366698193130221e-02
4.471573567369632740e-02
4.465031768783007948e-02
4.457027794541017218e-02
4.446527614386439758e-02
4.428396521878086994e-02
4.406844129628716134e-02
4.384299326003181230e-02
4.352736527032757818e-02
4.311955633129600091e-02
4.276819498132363589e-02
4.201625447722933532e-02
4.132200204700089280e-02
4.076159051725904148e-02
4.027849051253367535e-02
3.986106668023389754e-02
3.945812620923953157e-02
3.899235458549878824e-02
3.859971443641854738e-02
3.816884074069024774e-02
3.776097330410588260e-02
3.744505717136815265e-02
3.732622632522813316e-02
3.713500855530763728e-02
3.691267261399158728e-02
3.670828642783367096e-02
3.646446741585150642e-02
3.619175269495100711e-02
3.597172387228442236e-02
3.575091229206277255e-02
3.554326060600314363e-02
3.531775538259867425e-02
3.510373262197485217e-02
3.483593814673398986e-02
3.461951282998464163e-02
3.440190277053242762e-02
3.416778073242381780e-02
3.402915104813954150e-02
3.392619409068718672e-02
3.378432972925185518e-02
3.369934656016618929e-02
3.357282436809216897e-02
3.345271431936606976e-02
3.328850849889752883e-02
3.315305232958394577e-02
3.294058835972897559e-02
3.281669257022967745e-02
3.262860071556535069e-02
3.250967822837812216e-02
3.233599655867296779e-02
3.217358065335991502e-02
3.204247618967758643e-02
3.188567534085289673e-02
3.173981045782073990e-02
3.151336365595842903e-02
3.125895732427028811e-02
3.098878294562669097e-02
3.074442003939192869e-02
3.047165727674826588e-02
3.025714925009766187e-02
2.996288938474475291e-02
2.976554010752298016e-02
2.951182813640681676e-02
2.924829887504440049e-02
2.905136894298311970e-02
2.881103742685193689e-02
2.858148751692782610e-02
2.837453254673822159e-02
2.812090556004706240e-02
2.791358936665616283e-02
2.766745697758737563e-02
2.744991911196590847e-02
2.729068918305121647e-02
2.705437358054406383e-02
2.684458774058707739e-02
2.662390947641181393e-02
2.640779904747496409e-02
2.619264988804252681e-02
2.603838062109758988e-02
2.584038695327718280e-02
2.560638321179028662e-02
2.541932657892287395e-02
2.523227687467667624e-02
2.501675495640293817e-02
2.483042685002483790e-02
2.474016173587565912e-02
2.466165850768293685e-02
2.453906060345521778e-02
2.445694995378462633e-02
2.429271828940014408e-02
2.417607269076453916e-02
2.400170109818293429e-02
2.389549292981458725e-02
2.363396698212557115e-02
2.343233611595343241e-02
2.293665086998534011e-02
2.232491788088418819e-02
2.176132882229622062e-02
2.121896974820353110e-02
2.059150235798906659e-02
1.995578991431394209e-02
1.934855397339687449e-02
1.877802580426363860e-02
1.819814216758466538e-02
1.770545774291144847e-02
1.718071781161582129e-02
1.672058711645207918e-02
1.626904455914172931e-02
1.583128815457793964e-02
1.541989166576513554e-02
1.503999178277682681e-02
1.467714124240890317e-02
1.433289616847549172e-02
1.400449620203867915e-02
1.369565870265198639e-02
1.340495145761085201e-02
1.314439715267809103e-02
1.284133905615925109e-02
1.261089740279698265e-02
1.238431657189249628e-02
1.211371677518804403e-02
1.191162769833008922e-02
1.172450745725077403e-02
1.153128133116442314e-02
1.132374208338422783e-02
1.116348319930113991e-02
1.099121973605436328e-02
1.084732949024387778e-02
1.070516870653542667e-02
1.055302608108673289e-02
1.043267020360161453e-02
1.028529179904198038e-02
1.013587271654082557e-02
1.002924618842445000e-02
9.923577081356396712e-03
9.812404768972765937e-03
9.701458511193854217e-03
9.596809632985488225e-03
9.477419577668545758e-03
9.385429171845875024e-03
9.301441170269843933e-03
9.178102424812744492e-03
9.111132260192653098e-03
9.013544992065230382e-03
8.923987201643985775e-03
8.861219124182683274e-03
8.787640893910235104e-03
8.695772160307115722e-03
8.624637323621488216e-03
8.540427091226838324e-03
8.470192907943551591e-03
8.399083049598023501e-03
8.341401497437063786e-03
8.252957530814144377e-03
8.188807973601846049e-03
8.132731139449988697e-03
8.061078439354005601e-03
8.007330912931978281e-03
7.952149921193814308e-03
7.899104645361214663e-03
7.835885335183163242e-03
7.782430567304913019e-03
7.738942263214735121e-03
7.674830283845172733e-03
7.623715476488357110e-03
7.596709851098754074e-03
7.547200959174478127e-03
7.492898244808894950e-03
7.438214712585353855e-03
7.392792924197609528e-03
7.354048854273710113e-03
7.310876034405786386e-03
7.265413303125734662e-03
7.232496747301798284e-03
7.198375938985147361e-03
7.136151329909650246e-03
7.138605140289235214e-03
7.084484417629760035e-03
7.037482949573096655e-03
7.002924894469942339e-03
6.982143446201146027e-03
6.940650890853919744e-03
6.905452319432797345e-03
6.861487927267127980e-03
6.826823700787281596e-03
6.801871749796437744e-03
6.751228062896724898e-03
6.709824543693210762e-03
6.694706897200874279e-03
6.667997108718423313e-03
6.631537497868196171e-03
6.608673859390681686e-03
6.583278036994016924e-03
6.539870181608907311e-03
6.503222060431073683e-03
6.474050703549973779e-03
6.443972949360605822e-03
6.440007626915241271e-03
6.405441457383300070e-03
6.365503834821898896e-03
6.322592820702805337e-03
6.291156838551997810e-03
6.275425349615940639e-03
6.251926298083910517e-03
6.209511079459018382e-03
6.188980964935775556e-03
6.152467527556818548e-03
6.129701318673228851e-03
6.100480233515172615e-03
6.062391588574979860e-03
6.047548159999785802e-03
6.006707035746371159e-03
5.992053584606058664e-03
5.962247469617224828e-03
5.947674998868115841e-03
5.904613393248962436e-03
5.898367818070110631e-03
5.880309081277717426e-03
5.856691103660482782e-03
5.808205829698777876e-03
5.806652330213962765e-03
5.781348839155525839e-03
5.759838511791961872e-03
5.732435703969252817e-03
5.719498138572665438e-03
5.706463669674226823e-03
5.688842638887686189e-03
5.677395272354551249e-03
5.641071030586916786e-03
5.640669923284657127e-03
5.614105192763148636e-03
5.595277499858758614e-03
5.590972935288066221e-03
5.580339121718808776e-03
5.567311525159852371e-03
5.550062669177022526e-03
5.548849502679492444e-03
5.528165865569398957e-03
5.523697570987457124e-03
5.507124257704449320e-03
5.501145557420782095e-03
5.487946610336886556e-03
5.483378843720246136e-03
5.473855126941009480e-03
5.450984318925523008e-03
5.469863058206086807e-03
5.451436510177596825e-03
5.439058829868519476e-03
5.436570984205174768e-03
5.414181676462127314e-03
5.416137013394939359e-03
5.406021332109380365e-03
