1.564462614967917489e-04
1.558332014286426697e-04
1.566093348953973203e-04
1.560361069546322929e-04
1.566288193685561232e-04
1.556761418671395009e-04
1.563526928987100440e-04
1.610049279334192503e-04
1.675082233709738403e-04
1.757282081018576273e-04
1.879988260447248755e-04
2.085195359922239664e-04
2.468789483366441479e-04
2.850011977967412298e-04
3.327962301333690703e-04
3.866567710768227593e-04
4.485502995730823034e-04
5.692290760621122100e-04
7.213407962663775973e-04
9.047085445526122571e-04
1.037634334665022643e-03
1.096562485572509862e-03
1.142527704728428560e-03
1.252053750923476328e-03
1.408367073421263639e-03
1.514399795456497153e-03
1.637717214048830866e-03
1.765221259065136291e-03
1.880621613409112856e-03
1.970292292924471361e-03
2.087669431220522728e-03
2.217659137914927171e-03
2.380204628953581404e-03
2.507052851080698169e-03
2.663747394797037673e-03
2.908824049893269162e-03
3.291436184652571026e-03
3.992336281005932908e-03
5.920855487489527086e-03
1.034126627858640568e-02
1.651170080754394559e-02
2.683857687140333084e-02
4.515774432795419818e-02
7.135753304050669599e-02
9.986680252928480106e-02
1.346653287605122928e-01
1.681551278455753751e-01
2.007425208702434127e-01
2.374274152153489081e-01
2.845621481387256013e-01
3.249304223700063554e-01
3.572859775384249481e-01
3.773212237946291792e-01
3.917604547223703659e-01
4.021563449541035729e-01
4.088374119696420173e-01
4.118435527330728263e-01
4.120159487870040937e-01
4.084963919333426396e-01
4.002906916869540255e-01
3.898710234086019688e-01
3.743581116203466008e-01
3.541336376920383722e-01
3.336463468058902815e-01
3.133408811763773727e-01
2.946308849076038627e-01
2.768904045617255338e-01
2.607355622124112871e-01
2.457767786955566136e-01
2.324404151727046675e-01
2.200400216539629139e-01
2.088303558324032250e-01
1.984997767370006716e-01
1.843067467544325932e-01
1.718803874713394630e-01
1.612684323005640907e-01
1.517856352448507806e-01
1.434900543414435181e-01
1.362918348456949313e-01
1.282861740600618472e-01
1.199586839279200429e-01
1.129781909449273231e-01
1.069120906252124803e-01
1.016571362045545351e-01
9.419771743708886536e-02
8.804308839460084357e-02
8.408152988468271805e-02
8.248494730230548910e-02
8.134932545593438757e-02
8.017382520249874411e-02
7.845316969784915662e-02
7.690820943653432773e-02
7.447399068993791615e-02
7.239389826547763807e-02
6.945494501055481107e-02
6.677346386938416700e-02
6.455628285953163292e-02
6.259131631523692785e-02
6.087750743195866759e-02
5.926801544670266819e-02
5.790765532416931177e-02
5.670605765985613222e-02
5.562432224832589839e-02
5.469654635809113180e-02
5.381990614465970851e-02
5.310344550906093142e-02
5.194672690291754491e-02
5.099187474231155898e-02
5.024743539968126033e-02
4.971668811875415428e-02
4.911132556695505663e-02
4.864461550965032410e-02
4.838539973338414069e-02
4.828192886555254110e-02
4.842928005696269661e-02
4.901828179990485451e-02
4.986051852601609824e-02
5.106787447790020473e-02
5.234237395521197656e-02
5.391340750359203265e-02
5.563123668929392113e-02
5.749706282021242038e-02
5.904885137598711586e-02
6.068883884284307501e-02
6.229808199163962973e-02
6.404564044700872261e-02
6.589850734768111507e-02
6.774708867308454341e-02
6.967837182362759951e-02
7.164310351676735078e-02
7.304289796154518621e-02
7.450492009281708961e-02
7.592029182139894972e-02
7.744781178897096330e-02
7.931384930612495054e-02
8.154992600983634876e-02
8.376477225515104041e-02
8.587605844072512817e-02
8.807526392877905452e-02
9.003615325263668312e-02
9.201690252434786832e-02
9.380724632803098817e-02
9.533825778906325488e-02
9.606696422123661705e-02
9.705537176238653030e-02
9.788569396669083433e-02
9.867832899957995618e-02
9.946236747277097112e-02
1.001889995524307686e-01
1.008605641847779566e-01
1.014472590112102945e-01
1.018063337016740233e-01
1.020300800804828517e-01
1.023583771870667097e-01
1.026282536987328381e-01
1.029833313363534980e-01
1.031506484500779447e-01
1.034060765589851633e-01
1.037291226382450610e-01
1.039763034094321331e-01
1.042524051494160414e-01
1.042621051908145108e-01
1.044337858941484232e-01
1.046928048937291467e-01
1.047787137188032902e-01
1.049168499506180074e-01
1.050987805853440121e-01
1.052851514146738998e-01
1.055135062677435148e-01
1.058288353234449058e-01
1.063063863202921983e-01
1.067266900665398976e-01
1.066989638554760034e-01
1.061081033171854954e-01
1.045414695581810410e-01
1.024659815542446062e-01
1.001794465121969152e-01
9.736244652374884123e-02
9.437782115132033189e-02
9.127050981432457966e-02
8.828951366230680664e-02
8.509848240881356940e-02
8.216492854339615959e-02
7.930495002047160957e-02
7.643383625638425216e-02
7.378753488495115587e-02
7.111934275869812028e-02
6.861691450986734386e-02
6.623240545347953978e-02
6.387644037668822883e-02
6.161291733398163717e-02
5.939074936508952074e-02
5.727203114619777019e-02
5.526422214270738931e-02
5.328259984596061399e-02
5.131938842082536117e-02
4.950652292042075769e-02
4.765722393571341503e-02
4.591568778477235491e-02
4.419442385471079870e-02
4.248503971774934829e-02
4.080402973460139221e-02
3.921531977885643616e-02
3.768264200080028575e-02
3.610264299823358336e-02
3.463767952777520309e-02
3.315184286689445980e-02
3.167753470045286263e-02
3.032906689576530743e-02
2.894100266549400752e-02
2.762235787456800151e-02
2.637111892274683622e-02
2.508409076705342411e-02
2.382803205181573819e-02
2.262996127179870906e-02
2.148930089835609028e-02
2.036171099092577708e-02
1.925797868612532521e-02
1.820182037155742422e-02
1.716329571437571685e-02
1.619466039939718507e-02
1.524669602122854725e-02
1.435238705849918237e-02
1.349691736731055414e-02
1.267487028297506306e-02
1.188887232447955605e-02
1.114448647993267032e-02
1.045095668681888731e-02
9.798786786490027920e-03
9.170257564375620257e-03
8.583940072303151286e-03
8.033283104286133985e-03
7.527290277936795823e-03
7.041259983061899479e-03
6.593885445383543265e-03
6.189939236982670671e-03
5.796871635346122383e-03
5.431347927251166038e-03
5.151284396320669756e-03
4.950448998477866881e-03
4.763142132334453882e-03
4.577833057075319199e-03
4.403252453978542119e-03
4.233546143330735659e-03
4.128883493617588503e-03
4.025600556391972264e-03
3.938852229506389219e-03
3.855091811748032234e-03
3.751608187136632605e-03
3.669049911300258961e-03
3.663429176374995069e-03
3.652974078453509552e-03
3.643110410798506074e-03
3.625383512138100842e-03
3.600627977213777687e-03
3.577316237234167296e-03
3.544100411356897445e-03
3.497103098966920266e-03
3.464260813928281366e-03
3.382476530801019603e-03
3.312753578725883066e-03
3.255212605682875765e-03
3.204019812418805197e-03
3.163078705867385966e-03
3.125119480031896598e-03
3.075452270602629934e-03
3.035894042976917083e-03
2.993127107511363901e-03
2.953172247922053982e-03
2.923265421452601095e-03
2.912273064022261396e-03
2.892503790264580599e-03
2.870295624268178521e-03
2.851200372634311343e-03
2.828749991006665378e-03
2.797740119504583695e-03
2.777322079630442468e-03
2.757828048962633356e-03
2.737299054421337557e-03
2.716058635466955026e-03
2.695995987125407532e-03
2.668976502429322526e-03
2.647277916122279130e-03
2.625053361943367226e-03
2.604153487531028245e-03
2.589435623506201704e-03
2.582533037725631350e-03
2.570314099910103820e-03
2.561037260498515069e-03
2.547108516005823324e-03
2.536835216882238602e-03
2.520130202881892042e-03
2.511016962184852656e-03
2.485871556523220911e-03
2.476719884505458949e-03
2.458551136409676749e-03
2.449082952829213528e-03
2.433074317474156253e-03
2.417622334509183287e-03
2.405562638238616015e-03
2.392535441423773723e-03
2.377939360674296339e-03
2.356049847647065636e-03
2.334017199828321721e-03
2.309610043658838832e-03
2.285849564576375621e-03
2.260117850098342703e-03
2.243991450048836173e-03
2.214553757410101398e-03
2.199519098568076050e-03
2.175090722122936283e-03
2.150796254416038108e-03
2.134636832642072997e-03
2.113826395647552120e-03
2.092983367667025814e-03
2.076223224537234163e-03
2.052606554888754958e-03
2.035449397975881355e-03
2.012055058688195369e-03
1.994163456764947231e-03
1.982136571202431936e-03
1.961325863438439111e-03
1.943853004515823856e-03
1.923491133657671565e-03
1.904056191835815570e-03
1.885570258645524961e-03
1.875516023889848465e-03
1.858567622235118236e-03
1.836265933499607594e-03
1.820846392968750085e-03
1.806140794200540751e-03
1.789392147617670801e-03
1.772175602071764588e-03
1.764992734385622793e-03
1.757967141623329420e-03
1.747890345889003844e-03
1.741490974858359454e-03
1.727011740045851507e-03
1.718733620273914763e-03
1.703026796541209789e-03
1.698275424118806656e-03
1.672167324090627826e-03
1.657323106254769999e-03
1.617349018253134594e-03
1.567401301354880453e-03
1.524426987434768666e-03
1.480930014985427923e-03
1.431024136949742270e-03
1.383460942244111713e-03
1.337068338253056925e-03
1.294551979917526801e-03
1.250481149018905841e-03
1.216618791776969983e-03
1.176924146982438139e-03
1.144184744139548505e-03
1.112239236008767326e-03
1.080409471991142841e-03
1.051928497902698389e-03
1.026230579851475366e-03
1.001961578762366805e-03
9.781519538271806705e-04
9.567119456958526370e-04
9.361056736716518931e-04
9.164150305388709793e-04
9.011940934640634386e-04
8.778427914770793941e-04
8.648329456074645670e-04
8.501262539727788819e-04
8.299522011811024964e-04
8.174739845574340458e-04
8.058302090897119085e-04
7.941240045758372152e-04
7.784437783102213671e-04
7.686958464971900638e-04
7.569954550031562446e-04
7.493865578315561183e-04
7.400548105375858061e-04
7.299921589559723537e-04
7.231817622723402334e-04
7.116456747956909036e-04
7.013454333135155224e-04
6.950348713858025716e-04
6.886870164954926902e-04
6.814711968205301512e-04
6.737211263699919000e-04
6.668048125235952889e-04
6.575252168342960194e-04
6.515485270994591897e-04
6.465113668680660952e-04
6.354657896520430694e-04
6.329338469620409942e-04
6.248565755645016807e-04
6.175938005024316424e-04
6.154522535657540620e-04
6.099590425895647745e-04
6.028127267973505893e-04
5.975533841518514046e-04
5.904773199184305647e-04
5.859611401231486216e-04
5.806750239037141922e-04
5.767556354746448868e-04
5.686786964228952423e-04
5.642152670602212320e-04
5.601697642352507223e-04
5.541258590794409782e-04
5.505497889025009464e-04
5.465393941232548312e-04
5.425637913646275037e-04
5.372495889521637907e-04
5.332502078641084995e-04
5.305446832908846831e-04
5.246361364847105602e-04
5.202127921613072933e-04
5.198404204976688403e-04
5.158457333744329238e-04
5.108525326334138359e-04
5.062403381514438356e-04
5.026986300887971004e-04
4.999407189201859024e-04
4.960537911565971467e-04
4.923206602733800003e-04
4.900145549457133936e-04
4.875150149290351643e-04
4.812328958075702697e-04
4.837038465237886620e-04
4.782147987611965888e-04
4.739719359080513139e-04
4.712375037083461394e-04
4.703463500203359160e-04
4.667920766967393448e-04
4.637610842409102345e-04
4.596730885640092773e-04
4.566529377409066725e-04
4.549734025644570391e-04
4.500790574405530041e-04
4.461195436815186175e-04
4.461340457063653906e-04
4.440886988090602403e-04
4.410133361229617941e-04
4.394606014347613387e-04
4.382448764392365753e-04
4.342814358113961516e-04
4.308640661936289609e-04
4.289584192960474896e-04
4.266759731521452964e-04
4.280975917090770310e-04
4.253701365656076738e-04
4.217377875687734800e-04
4.180612965338612757e-04
4.156765967710583198e-04
4.155959668273377476e-04
4.142486717135610572e-04
4.106506458347703543e-04
4.095819676790767418e-04
4.066656503835918823e-04
4.053177627747305673e-04
4.037764808654164465e-04
4.004028096733791846e-04
4.001249638521313747e-04
3.962209103918704761e-04
3.960820616585235764e-04
3.940905328095737942e-04
3.934235464044212247e-04
3.897838076899740305e-04
3.899754854699171206e-04
3.891246893931271352e-04
3.877448025674358283e-04
3.825408981469283101e-04
3.840882396378147859e-04
3.818654056997017017e-04
3.802837170446089418e-04
3.778047284724383266e-04
3.773465515616691423e-04
3.769352823415687533e-04
3.752057507458210158e-04
3.751954302641783865e-04
3.713065953057838472e-04
3.722858121367531156e-04
3.694567369137820518e-04
3.677397610886778230e-04
3.679278865164062264e-04
3.671847783166425809e-04
3.661228280570897773e-04
3.641826087616429329e-04
3.648671329527793214e-04
3.626641887071326118e-04
3.623762937250821540e-04
3.609532324975107303e-04
3.605131410528855944e-04
3.590010739137666144e-04
3.591424889474832617e-04
3.581024552475020302e-04
3.555910805347345252e-04
3.586076822609509046e-04
3.567068148287846148e-04
3.552870286707914644e-04
3.556707002424918545e-04
3.530829611651941529e-04
3.539467072544350869e-04
3.530181367057942817e-04
