6.517710806698172148e-03
6.515857175268648452e-03
6.528183152697463083e-03
6.524263258690390921e-03
6.533799056463482184e-03
6.519874614972266842e-03
6.533311262340406322e-03
6.712897625858455994e-03
6.977800642040602255e-03
7.250116618275386643e-03
7.749061164961351666e-03
8.676521981800151134e-03
1.027652282681459743e-02
1.206937351912158035e-02
1.415987452879912539e-02
1.650912161554544955e-02
1.905252481541358858e-02
2.406881618765257039e-02
2.982455593375746283e-02
3.633828255436108434e-02
4.069462980678788255e-02
4.252541486027043571e-02
4.400466902680551240e-02
4.736143136461429259e-02
5.192467823466578175e-02
5.504883927438145724e-02
5.847766441371737151e-02
6.231029915807165948e-02
6.578650126171932400e-02
6.877110863320626266e-02
7.224266060066093786e-02
7.636060674300906848e-02
8.156234915037022248e-02
8.537969978433761209e-02
9.007747367765450708e-02
9.600320835261764996e-02
1.037236211973281835e-01
1.139320355591571104e-01
1.320200952541418782e-01
1.578500028409746958e-01
1.837889235252917475e-01
2.180680274687848141e-01
2.665768451932735705e-01
3.224532694980711267e-01
3.737801633635559617e-01
4.279142506829612946e-01
4.739093856250775616e-01
5.148975242988641510e-01
5.572547757273311753e-01
6.072959046806556405e-01
6.471115043695290225e-01
6.773870914457443826e-01
6.954140132652817385e-01
7.084893474248049605e-01
7.178687530304237452e-01
7.241014374951595389e-01
7.274535405491736606e-01
7.285326969358544291e-01
7.272622844193045166e-01
7.225519635555516240e-01
7.158827184637636121e-01
7.053942299671880356e-01
6.908717435439571952e-01
6.754539830488259788e-01
6.595731196344205571e-01
6.441769170179777459e-01
6.290379345642713727e-01
6.145781316602675348e-01
6.006489299537776105e-01
5.876621772557810708e-01
5.751869069952978419e-01
5.635707396155983373e-01
5.525075896010512855e-01
5.364370795190182006e-01
5.217832814902254590e-01
5.087185397168770828e-01
4.966217114810447253e-01
4.855355488527446362e-01
4.755904491096937803e-01
4.641798661805768833e-01
4.518464586138252748e-01
4.410309353232125806e-01
4.312960722856443163e-01
4.225909953562636545e-01
4.099565184812531959e-01
3.991517448040518556e-01
3.917786444263330337e-01
3.889153529072406079e-01
3.868632063522243203e-01
3.846616639463844023e-01
3.814234076226442616e-01
3.784211333381493070e-01
3.738861851045448548e-01
3.697959386052484532e-01
3.639403273609803646e-01
3.586744339054876995e-01
3.542339358372148528e-01
3.502537946774580968e-01
3.467162306417406747e-01
3.435613376509854544e-01
3.407700975668728760e-01
3.383738246926656923e-01
3.362063709578896886e-01
3.343539476059301796e-01
3.326716961778228288e-01
3.311988398029622194e-01
3.291244373836293979e-01
3.274948297732634961e-01
3.262678225009627009e-01
3.256017165569492500e-01
3.249861533974711669e-01
3.248727456680281511e-01
3.253487703581329771e-01
3.261505265813988141e-01
3.280076317416420473e-01
3.312055104162583974e-01
3.349950248259681573e-01
3.395115919681958583e-01
3.441929149517097830e-01
3.493630964847175835e-01
3.547116660977331359e-01
3.602518586491431640e-01
3.645576955825211574e-01
3.689648838080506477e-01
3.731941668046775407e-01
3.776304422372350200e-01
3.821598042399309558e-01
3.865510519996262495e-01
3.910411943794198097e-01
3.954445976531310025e-01
3.985475579320267303e-01
4.016990829259380891e-01
4.047299315432209554e-01
4.078789370233495970e-01
4.116877295693770478e-01
4.162066375284622088e-01
4.205355052699857876e-01
4.246339021289119442e-01
4.287160341821110165e-01
4.323808285590244327e-01
4.359703263912272919e-01
4.392176047577621145e-01
4.419024166464843306e-01
4.432320411060060028e-01
4.448928676243635860e-01
4.463759262174436526e-01
4.477299551498508667e-01
4.490738356769727324e-01
4.503513648987699791e-01
4.515168677413844422e-01
4.525227285947462375e-01
4.531316744728552393e-01
4.535295725859437299e-01
4.540822489052491751e-01
4.545299547474789814e-01
4.551572002701424480e-01
4.554458928631605064e-01
4.558872138590877032e-01
4.564367503666130754e-01
4.568335844364520559e-01
4.573106832282017864e-01
4.573869764680658645e-01
4.576854996029258715e-01
4.581187893595636829e-01
4.582613916816966615e-01
4.584945034146495346e-01
4.588080695045220758e-01
4.591574682426533549e-01
4.595862030489605843e-01
4.601671152301892165e-01
4.610729729838535795e-01
4.619199017827646525e-01
4.621431059632172267e-01
4.616040143247363003e-01
4.595974917975388929e-01
4.567607985032062223e-01
4.535330360863826238e-01
4.494474910938637824e-01
4.449634358116639765e-01
4.402047737953839190e-01
4.354930632782468281e-01
4.303496084773154595e-01
4.254614951675388945e-01
4.205867445599190679e-01
4.155498574423174829e-01
4.108210547669502444e-01
4.058874780729831433e-01
4.011526537960662386e-01
3.965156731128242074e-01
3.918192368764650824e-01
3.871942404520501424e-01
3.825293582367072509e-01
3.779725519660943056e-01
3.735493886948102471e-01
3.690756836856818324e-01
3.645365563719667468e-01
3.602213396574824866e-01
3.556987749865769821e-01
3.513654428833925536e-01
3.469381253245978902e-01
3.424400092349988434e-01
3.378565095753467973e-01
3.334158254830196788e-01
3.289863473758615764e-01
3.242730500521642245e-01
3.197530432990170479e-01
3.150042606565492953e-01
3.101325297650250890e-01
3.054921842738071991e-01
3.005373731634348178e-01
2.956571906411587514e-01
2.908145507887217596e-01
2.856353993581998707e-01
2.802733796745408568e-01
2.748630338326234490e-01
2.694043521778849426e-01
2.637888786825121623e-01
2.580046802579628040e-01
2.521429609095121038e-01
2.460492478816330431e-01
2.399203552913040383e-01
2.336457036004096766e-01
2.273207072413245544e-01
2.209270485161538289e-01
2.144742278161644866e-01
2.080325882556217088e-01
2.015463455291739148e-01
1.951534775317794457e-01
1.888216865291846014e-01
1.824576970563682732e-01
1.761358674263207857e-01
1.698862455368753965e-01
1.638657574761227809e-01
1.578865506338722469e-01
1.520930190833030271e-01
1.465333677927361244e-01
1.410137175290015477e-01
1.356470163402054008e-01
1.314015429989412453e-01
1.282416001605573841e-01
1.251742243319514947e-01
1.221635881445626015e-01
1.191931767133623116e-01
1.162517803832652658e-01
1.144422346279554276e-01
1.126159978363627523e-01
1.109358036926176294e-01
1.092565779030326006e-01
1.074570425310428373e-01
1.058415246588275405e-01
1.056982362451407975e-01
1.055363845879642715e-01
1.053071773865284777e-01
1.049314244898261750e-01
1.044934296416355490e-01
1.040293862502547489e-01
1.033588042665559009e-01
1.025434781838227838e-01
1.017935099679010136e-01
1.002330287436583173e-01
9.875938717101832853e-02
9.757127989434982718e-02
9.656519984468514561e-02
9.567290918506979325e-02
9.479744317308878843e-02
9.383120285237214753e-02
9.298020125195489982e-02
9.205948124443018299e-02
9.117850849111888700e-02
9.049032082773685037e-02
9.021932092811618675e-02
8.982555044429972602e-02
8.935490973868491504e-02
8.889687561341742816e-02
8.837028874728443395e-02
8.781068164538412268e-02
8.732782865005110640e-02
8.683554203577822928e-02
8.636923359335069161e-02
8.588686513437318593e-02
8.541471903273728516e-02
8.484628533866142575e-02
8.437777748886644835e-02
8.390849234649161437e-02
8.339096229463223431e-02
8.310457601576119735e-02
8.285119383421883643e-02
8.253143346179941942e-02
8.234695868821852172e-02
8.209547292422177123e-02
8.182263771607664604e-02
8.146348133838281214e-02
8.114186850413684926e-02
8.071765407986938867e-02
8.042358180336202367e-02
8.001746860714284426e-02
7.973396122085110727e-02
7.935482194368630171e-02
7.899836262020011601e-02
7.870021457307418977e-02
7.834233735916436292e-02
7.802163833731864950e-02
7.753712267340787112e-02
7.696527377670910053e-02
7.636154993922981971e-02
7.582607041684934213e-02
7.522484744105852050e-02
7.471579821656275378e-02
7.409181820437785171e-02
7.362347865465308783e-02
7.306358847022226266e-02
7.248310175148964252e-02
7.202121818470266779e-02
7.148087966603859644e-02
7.096563486076284955e-02
7.048762763094966466e-02
6.993164182299224652e-02
6.944732630113432947e-02
6.890903066487033546e-02
6.841181622018993602e-02
6.801654540587186160e-02
6.749326004347128150e-02
6.700965080019967435e-02
6.652248675850327975e-02
6.603311854830197503e-02
6.554390344258448353e-02
6.515568047436140486e-02
6.471162769314199592e-02
6.419569226737123491e-02
6.375981698799798592e-02
6.331968458820118328e-02
6.280199822524699937e-02
6.238987407008675379e-02
6.217862268082058330e-02
6.199392761752932357e-02
6.171937600845399385e-02
6.151506820671819725e-02
6.114392701059372798e-02
6.085561263953678801e-02
6.046475969418188545e-02
6.018587932345923625e-02
5.961594614918267615e-02
5.913294737846676308e-02
5.795902384808405278e-02
5.653134204784336647e-02
5.517751781376864506e-02
5.388516472484216474e-02
5.240026922515440139e-02
5.086269333820454125e-02
4.939853537233326181e-02
4.801148392610615073e-02
4.661396293739029223e-02
4.538471991558788721e-02
4.411267069279854736e-02
4.297157415910381195e-02
4.185234523279936919e-02
4.076542821303291708e-02
3.973721153454163463e-02
3.878003139212043288e-02
3.784850731281559633e-02
3.697367959290923795e-02
3.613337093291320301e-02
3.533314148656773596e-02
3.457937356101863091e-02
3.388304766722834149e-02
3.312790876306952181e-02
3.249868446766032010e-02
3.189783877209206170e-02
3.122077400320983145e-02
3.067637270091539206e-02
3.016611385910642970e-02
2.964613544458244085e-02
2.912020250443574793e-02
2.868087271179504266e-02
2.823028934598250522e-02
2.782405330554333506e-02
2.744431446135664129e-02
2.704449944969576983e-02
2.670926740587240347e-02
2.633544042871109256e-02
2.595180466354297596e-02
2.566108442523293981e-02
2.536505835189704211e-02
2.507591941156048915e-02
2.479027089318994181e-02
2.451506096100014923e-02
2.422352841897369019e-02
2.397958096996776617e-02
2.375136366523752235e-02
2.346967730468029617e-02
2.327652282232584718e-02
2.303715894691573535e-02
2.281637422083232156e-02
2.263427856676034078e-02
2.244731589229051472e-02
2.222109696355822547e-02
2.204406902696220624e-02
2.183939860126298330e-02
2.165313939192281892e-02
2.147789922585429528e-02
2.132756974354990329e-02
2.112655595646876008e-02
2.096139126787172069e-02
2.081682810715789964e-02
2.064692969629688263e-02
2.051019270068336897e-02
2.036693478780654543e-02
2.023829940788526155e-02
2.008808445767513648e-02
1.994785463927406521e-02
1.982968543955894794e-02
1.969202768098766293e-02
1.956351683268197847e-02
1.948178762088162777e-02
1.935913645500055014e-02
1.923581247074927086e-02
1.910713816823204902e-02
1.899457951826956023e-02
1.889601926436423537e-02
1.879843966621275175e-02
1.868759360724785851e-02
1.859984918764448145e-02
1.851504987837226598e-02
1.838127481243690201e-02
1.835902797163894290e-02
1.824133220923834786e-02
1.814522526114637282e-02
1.805973091688271512e-02
1.799753127013144216e-02
1.790888102056480483e-02
1.782566182990843323e-02
1.773262366443843080e-02
1.765303503705549504e-02
1.759030311535363447e-02
1.748299378435529475e-02
1.739634407123478652e-02
1.735076178225748375e-02
1.729064950773015127e-02
1.720883878362584538e-02
1.715543090567245299e-02
1.709271496939365059e-02
1.699434896725608365e-02
1.692132823987773857e-02
1.685260576946573038e-02
1.678695524539160558e-02
1.676177050417379868e-02
1.667944648310658654e-02
1.659892033781172269e-02
1.650866908306564476e-02
1.643946962715209237e-02
1.639337735270040425e-02
1.633397688681515955e-02
1.625016750913168412e-02
1.619543335179970608e-02
1.611417172887249019e-02
1.605786382467275578e-02
1.599121313149447221e-02
1.590909023513584208e-02
1.586318271431919405e-02
1.577521494904531377e-02
1.573479332835469105e-02
1.566490412423079612e-02
1.562205713531952637e-02
1.552985612959428829e-02
1.550227494332706915e-02
1.545158912274929852e-02
1.539507785767173752e-02
1.529885574410926735e-02
1.527666882641288450e-02
1.521500775303808589e-02
1.516007735475661221e-02
1.509541783037537423e-02
1.505842223566659574e-02
1.501362838950244354e-02
1.497328647230168966e-02
1.493201133776918960e-02
1.485688389367522885e-02
1.483954418562758067e-02
1.477434583985859536e-02
1.472633389822324695e-02
1.471880238713535287e-02
1.467307079937593683e-02
1.464283304297873088e-02
1.460605913270228602e-02
1.459445300397820347e-02
1.454846785307756935e-02
1.453867906953184956e-02
1.449740674090926190e-02
1.448594472767124504e-02
1.445578933658276007e-02
1.444636402545554886e-02
1.442467736494056768e-02
1.438219244134437275e-02
1.441414691494371202e-02
1.437757137020392699e-02
1.436047709300955315e-02
1.434998506587407963e-02
1.430710533183826225e-02
1.430507450110909094e-02
1.428484000157924372e-02
