3.812445200355526359e-04
3.800301413202493992e-04
3.815951404218288225e-04
3.804854711486163371e-04
3.816983732806818945e-04
3.798295375145335187e-04
3.812316935612225012e-04
3.905585535720160228e-04
4.037165970816253345e-04
4.202296814577220567e-04
4.447350465577515539e-04
4.849914262632305426e-04
5.589611213748960994e-04
6.307737871949232328e-04
7.194689300417307122e-04
8.180870527165633220e-04
9.299012663802456741e-04
1.145595780446180675e-03
1.415003729558346425e-03
1.739171628085407328e-03
1.974191172544745559e-03
2.078046334415681404e-03
2.160157905580312350e-03
2.355178620934626071e-03
2.634905903468163016e-03
2.827636473930915471e-03
3.052014522841879629e-03
3.292820061840675498e-03
3.516058221278335356e-03
3.699113420332720854e-03
3.934423282921461693e-03
4.209772690713235385e-03
4.569564630095999599e-03
4.855313993189941738e-03
5.222903382037419155e-03
5.771615305120604902e-03
6.609587595514289024e-03
8.027167185098448704e-03
1.149147769831026372e-02
1.848693406956918722e-02
2.745749350891383070e-02
4.165548718853807203e-02
6.564635051452348546e-02
9.845593324302787108e-02
1.329437419647644114e-01
1.737292258039472570e-01
2.119227861444494543e-01
2.483792066872174964e-01
2.886330925384698598e-01
3.393929821001505642e-01
3.821719945970741272e-01
4.160607311699665023e-01
4.368583222007276223e-01
4.518544000511473535e-01
4.626306565104806867e-01
4.695912507986479967e-01
4.728378124521118719e-01
4.731926953726141027e-01
4.699156386423880005e-01
4.619660461200716939e-01
4.517157592718533121e-01
4.363240298367537795e-01
4.160219184653468072e-01
3.952607192248026036e-01
3.745027988026362054e-01
3.551625692179491423e-01
3.366792119761453095e-01
3.196716945519590403e-01
3.037820307842548084e-01
2.894736343122585875e-01
2.760704077018693026e-01
2.638722285564906733e-01
2.525479293165516781e-01
2.367932150900265709e-01
2.228798405876735722e-01
2.108697063926579796e-01
2.000675089116970562e-01
1.905114384474676237e-01
1.821560973950442364e-01
1.728004056779153530e-01
1.629850730477448439e-01
1.546670747534410473e-01
1.473823485812867373e-01
1.410247306813782187e-01
1.319576395786738465e-01
1.244149878800696468e-01
1.194867200417398662e-01
1.175204420064768218e-01
1.161209277834315823e-01
1.146574693662442412e-01
1.125152073188272484e-01
1.105765153513152965e-01
1.075542898951910714e-01
1.049345860155014021e-01
1.012269658882138934e-01
9.785704037206813255e-02
9.505598403227873139e-02
9.256739154993240404e-02
9.038353284795701270e-02
8.836282252389006386e-02
8.663200298994795656e-02
8.511710173526119971e-02
8.375058315003726384e-02
8.257654337516560916e-02
8.148109953302709596e-02
8.056779627424172363e-02
7.913784758981376455e-02
7.796939122259591293e-02
7.706482066172504197e-02
7.644500591689523672e-02
7.576229957523522573e-02
7.528603777223298599e-02
7.509682840407599924e-02
7.510596972175344332e-02
7.550989802607935286e-02
7.654703824546986446e-02
7.792117167287648805e-02
7.976552595968756931e-02
8.170813292440620712e-02
8.402132309485332851e-02
8.651264083514326186e-02
8.918140663309413740e-02
9.136251098223731326e-02
9.365023122189267135e-02
9.587929785580223685e-02
9.828193891938685756e-02
1.008029329775126381e-01
1.033028811491726179e-01
1.058961412068166602e-01
1.085123732115866324e-01
1.103742192401181710e-01
1.122993513242831198e-01
1.141644462788216352e-01
1.161572879254085394e-01
1.185860203118705714e-01
1.214877150901868263e-01
1.243399101676024437e-01
1.270519802546775656e-01
1.298488898042261253e-01
1.323444823124012293e-01
1.348460480651142435e-01
1.371070133972651373e-01
1.390255721176169301e-01
1.399474400485354597e-01
1.411732562848844463e-01
1.422186477116263170e-01
1.432057984054055100e-01
1.441815899963121428e-01
1.450920286265336423e-01
1.459314115780521726e-01
1.466608295419686847e-01
1.471067687588049899e-01
1.473884728365482399e-01
1.477952948402748712e-01
1.481296966111169400e-01
1.485725469731015991e-01
1.487842902596875350e-01
1.491024573820865229e-01
1.495016670223367483e-01
1.498068237712094908e-01
1.501511516424430259e-01
1.501722405617825495e-01
1.503875366738864350e-01
1.507066901668699666e-01
1.508138787180828833e-01
1.509868680235546268e-01
1.512116983500469136e-01
1.514500195772839064e-01
1.517390966874210545e-01
1.521380234386771890e-01
1.527472073278273168e-01
1.532932826085448286e-01
1.533042589782114828e-01
1.526503045008454351e-01
1.508149343674778931e-01
1.483526521627388517e-01
1.456186498134809104e-01
1.422286730805947252e-01
1.386106170752966493e-01
1.348225515010151587e-01
1.311623966230850702e-01
1.272229891877317831e-01
1.235751339519133574e-01
1.199967350495770302e-01
1.163799919208071409e-01
1.130275166221237498e-01
1.096224587129498440e-01
1.064092323324107858e-01
1.033264829310512195e-01
1.002628302261219378e-01
9.729929687430147189e-02
9.437084617304895839e-02
9.156246600982523298e-02
8.888384141803512550e-02
8.622416142239026915e-02
8.357378475127849593e-02
8.110845312615336256e-02
7.857728460556401284e-02
7.618090021390155897e-02
7.379415643799479285e-02
7.140954009311605011e-02
6.904637280847131242e-02
6.679857921315776603e-02
6.461385479703822543e-02
6.234422457714751398e-02
6.022460668485423579e-02
5.805759336433571199e-02
5.589116174434125700e-02
5.389272916594086554e-02
5.181869381749168446e-02
4.983085686323254770e-02
4.792553040377321022e-02
4.594899712528158903e-02
4.399771376112342203e-02
4.211679996263905518e-02
4.030548757244450941e-02
3.849980434988271860e-02
3.671160502044691631e-02
3.498050821539563232e-02
3.325974643367120981e-02
3.163174432639938999e-02
3.002356241391941280e-02
2.848690151500878412e-02
2.700142451501676491e-02
2.555999287598742162e-02
2.416814063482967956e-02
2.283234528499655108e-02
2.157475869887457917e-02
2.037833475430659430e-02
1.921521518264903208e-02
1.811584547248797430e-02
1.707333643173591237e-02
1.610658118796813240e-02
1.517204597386706023e-02
1.430160552717391065e-02
1.350578756439349895e-02
1.272749310819458989e-02
1.199779285185717005e-02
1.143413160169669957e-02
1.102723954727013317e-02
1.064379076616001236e-02
1.026570011635250315e-02
9.905421777107318790e-03
9.554130985550766952e-03
9.337795507857014551e-03
9.123348584772476844e-03
8.939360553026659550e-03
8.760290664034799807e-03
8.546097380797307644e-03
8.371281748952831558e-03
8.358213246879119332e-03
8.337821715869766712e-03
8.316133104495318507e-03
8.276916252833310325e-03
8.225981882850242830e-03
8.175793724683107569e-03
8.105735404209876704e-03
8.008489845416544642e-03
7.935171388908243695e-03
7.763679863570072115e-03
7.613223945925117440e-03
7.490250702819467934e-03
7.381678547809361265e-03
7.292510039517812077e-03
7.208982467298946997e-03
7.103758012402450542e-03
7.019166581803439921e-03
6.926521050106403989e-03
6.839915510655855506e-03
6.774237011231741025e-03
6.750250690766615956e-03
6.707503262126823795e-03
6.659367602121491793e-03
6.617930736261809499e-03
6.567648509990734254e-03
6.503470117818393841e-03
6.458463493454006180e-03
6.414542734180216262e-03
6.370785309330725434e-03
6.323672633005784742e-03
6.279692341396628762e-03
6.221396745673152262e-03
6.175003066221239519e-03
6.127601360051558761e-03
6.080540895920682858e-03
6.049309865913956100e-03
6.032269026339011526e-03
6.004487842381826812e-03
5.985383420691582634e-03
5.955719936640133452e-03
5.932522574648221338e-03
5.897079906732181909e-03
5.874005413185372053e-03
5.822789566547981362e-03
5.800643151352823795e-03
5.760988850069818229e-03
5.739281006042811807e-03
5.703686743464379816e-03
5.669858676606546674e-03
5.643574881831622640e-03
5.613487090466117574e-03
5.582385612484234809e-03
5.534499166418331388e-03
5.484448549555419675e-03
5.430188579523907016e-03
5.378653002814539133e-03
5.322213453575207892e-03
5.284126596006713701e-03
5.220349476490473810e-03
5.184931584049550304e-03
5.131896068637834506e-03
5.078012067426401939e-03
5.041261709691605836e-03
4.994175446423523151e-03
4.947966393185230724e-03
4.909123131895592150e-03
4.857155956334505663e-03
4.818031910250621802e-03
4.766697743539024049e-03
4.725590107280360809e-03
4.697708561550867530e-03
4.650800201374354764e-03
4.610854593175193160e-03
4.565817354643236445e-03
4.522766369792899539e-03
4.480992805264840534e-03
4.456120025699704564e-03
4.417636667097657455e-03
4.368774516036365296e-03
4.333657112163206114e-03
4.299365726927239194e-03
4.260735596170591929e-03
4.222628411597737635e-03
4.206145176868142203e-03
4.190683654761483481e-03
4.167181664491334189e-03
4.152686071337589532e-03
4.119979873785125160e-03
4.100474842691985422e-03
4.065420117931529270e-03
4.051234439128722012e-03
3.995152362953544901e-03
3.959855055659739810e-03
3.868019588122993766e-03
3.753724744212205266e-03
3.653164624354532462e-03
3.553331535156778985e-03
3.437948375585469975e-03
3.325848601589594285e-03
3.217415303974797969e-03
3.117533366019538052e-03
3.014039628468272256e-03
2.932148623304855085e-03
2.839146483738156160e-03
2.761020192561381651e-03
2.684742730022621291e-03
2.609464030229991828e-03
2.540950359089782368e-03
2.478637950751383552e-03
2.419798713861459009e-03
2.362976207297486173e-03
2.310305701695769109e-03
2.260617365414288159e-03
2.213393102038333643e-03
2.174773635326619076e-03
2.120907984962952346e-03
2.087607371481506584e-03
2.052035511251495796e-03
2.004905629174451222e-03
1.974160923624139821e-03
1.945567735778462289e-03
1.916336444356495864e-03
1.880030925424460786e-03
1.855953904264220173e-03
1.827915410281248480e-03
1.807954507577106936e-03
1.785493936418558990e-03
1.761081719362383958e-03
1.743799579766315989e-03
1.717504812052495899e-03
1.692572573848174318e-03
1.676781409898770760e-03
1.660951015560682004e-03
1.643173443426466929e-03
1.624592641225197946e-03
1.607748266852495602e-03
1.586247678549920943e-03
1.571620211827182232e-03
1.558939953073927359e-03
1.534517381483042420e-03
1.526610423171144903e-03
1.508515420241341495e-03
1.492075307518074632e-03
1.485007386570206828e-03
1.472469699769816433e-03
1.455835867534821483e-03
1.443628119036516290e-03
1.427800064426711481e-03
1.416623063760908546e-03
1.404361251469370088e-03
1.395009171759678968e-03
1.377160073994076811e-03
1.366564561836977783e-03
1.357190743019589738e-03
1.343587887979983634e-03
1.334902895477196958e-03
1.325525875928487219e-03
1.316293885694153499e-03
1.304354291228541473e-03
1.295065598278120596e-03
1.288429098795611022e-03
1.275425737182240334e-03
1.265649751927262843e-03
1.263547955818368745e-03
1.254470549390692812e-03
1.243482905287254412e-03
1.233047032205329251e-03
1.224932869215273733e-03
1.218356047290477607e-03
1.209789482312237851e-03
1.201299536984126509e-03
1.195849475729009919e-03
1.189990066024478998e-03
1.176401814072508285e-03
1.180559355933375951e-03
1.168726707294036847e-03
1.159228359459096597e-03
1.152883410065046318e-03
1.150359000349726645e-03
1.142226811547051007e-03
1.135388114535200313e-03
1.126328379304688794e-03
1.119490934117923098e-03
1.115393416336328374e-03
1.104593214994318423e-03
1.095857781240861277e-03
1.094964839539282198e-03
1.090193457822696355e-03
1.083112584964548378e-03
1.079312500225627219e-03
1.075771948122737328e-03
1.066899181997520629e-03
1.059249497252959683e-03
1.054463483151695576e-03
1.048976238429845820e-03
1.050971651781046606e-03
1.044580608658481286e-03
1.036322048639452603e-03
1.027815431477130999e-03
1.022150834318158062e-03
1.021050812039319159e-03
1.017498221134404985e-03
1.009060145056034450e-03
1.006238539944687713e-03
9.994111097431914933e-04
9.959756689353891409e-04
9.916081714469702785e-04
9.839859091354153254e-04
9.827464322599145478e-04
9.742442244841765598e-04
9.731812935625749027e-04
9.682389243137775985e-04
9.665640515366993304e-04
9.581548782287466854e-04
9.582972015830606722e-04
9.560832657678768227e-04
9.525434109750158772e-04
9.415502740638085222e-04
9.440232866609964786e-04
9.391726772006155164e-04
9.356032964156118029e-04
9.302478918965867904e-04
9.288609893575598469e-04
9.275889896988998972e-04
9.241334249963952235e-04
9.235387200182611656e-04
9.152697617804418087e-04
9.170347538369240381e-04
9.111345452897874663e-04
9.074314137051156222e-04
9.075167209750997473e-04
9.058508774936343232e-04
9.034916436739461477e-04
8.994526585717444681e-04
9.005206064464127587e-04
8.958025744628063305e-04
8.951338689817689171e-04
8.918558124492488191e-04
8.907812674638528180e-04
8.876442586046897872e-04
8.875568040679271062e-04
8.853860724620373976e-04
8.799838539913182886e-04
8.858828582048586860e-04
8.817506679250184005e-04
8.787380769237819076e-04
8.791830203493930301e-04
8.736957233493179058e-04
8.751833657477153978e-04
8.730684074746086982e-04
