4.291114198268614066e-02
4.299699674614171352e-02
4.308668374045367816e-02
4.311307253329352968e-02
4.315330939131428040e-02
4.308695924511646985e-02
4.317599693308170339e-02
4.522322868663983947e-02
4.811869439519882857e-02
5.067627256290119231e-02
5.534259058436202111e-02
6.330192261122320752e-02
7.471820881528953850e-02
8.597950667272578895e-02
9.730121722369214354e-02
1.086567173359308525e-01
1.196965232157898296e-01
1.390643589488065601e-01
1.583366259183786595e-01
1.776932318804366473e-01
1.895331691778139871e-01
1.942914491873528604e-01
1.980690883136221048e-01
2.063713464500689654e-01
2.171385965654099026e-01
2.242391569726285283e-01
2.317581137755151399e-01
2.399350198354788244e-01
2.471020294473657286e-01
2.531237778820220052e-01
2.598934760405000044e-01
2.676877640122492519e-01
2.771712728093049805e-01
2.838442010475044630e-01
2.917766559681014837e-01
3.012917359873351075e-01
3.130059305922445190e-01
3.274404278167947213e-01
3.508997465955790984e-01
3.813219776495609947e-01
4.096485796177350425e-01
4.448009659587799369e-01
4.912886927781032753e-01
5.413403071872372463e-01
5.848628557499304659e-01
6.288176942131269431e-01
6.648176642448836438e-01
6.960593385587949822e-01
7.275523793541827100e-01
7.638388739798926963e-01
7.920624436722470962e-01
8.131934622119127987e-01
8.256351363250620246e-01
8.347043737005682695e-01
8.412222615046341945e-01
8.456266605585318619e-01
8.481473357724773621e-01
8.491919488940699035e-01
8.488873825882427004e-01
8.463706411997129475e-01
8.425279100761294826e-01
8.362912923610489324e-01
8.274260207994177385e-01
8.178457890355688154e-01
8.078586489195961340e-01
7.980149063528302333e-01
7.882200662943477099e-01
7.787171677288851068e-01
7.694563527663714764e-01
7.607030460915672476e-01
7.522142897927444061e-01
7.442450806222973281e-01
7.365755963444727827e-01
7.252536058746040792e-01
7.147916227116424270e-01
7.053645623832524025e-01
6.965144253758902559e-01
6.883044001938274370e-01
6.808709364263713093e-01
6.722581054141364421e-01
6.628436965227645361e-01
6.544903688837646616e-01
6.468947324662682741e-01
6.400467411652773775e-01
6.300276400153916878e-01
6.213774038906570985e-01
6.153911056300318538e-01
6.130825397716107572e-01
6.114220138676335070e-01
6.096326839485621818e-01
6.069854898381954467e-01
6.045121573826973682e-01
6.008127378123498952e-01
5.974405584213674514e-01
5.925761326669362061e-01
5.882159542254541407e-01
5.845245779676037090e-01
5.811977523511133725e-01
5.782429944337851291e-01
5.756260470646086258e-01
5.732901344314330627e-01
5.712933399421481484e-01
5.694850585393103071e-01
5.679486878897023194e-01
5.665597055074097499e-01
5.653224086841019957e-01
5.636532134751148782e-01
5.623586320266444893e-01
5.613948040067464618e-01
5.609358488883293692e-01
5.605514384063180477e-01
5.606375385643360687e-01
5.612532601146125177e-01
5.621415308697697011e-01
5.640328087093353648e-01
5.671025261915970672e-01
5.706709433178789315e-01
5.748200000428689282e-01
5.790920076852400511e-01
5.837162233668720113e-01
5.884367460388233440e-01
5.932883169434904902e-01
5.969950146538423041e-01
6.007551604764854725e-01
6.043528063543505136e-01
6.080831250938225629e-01
6.118647572124009670e-01
6.154955050156011298e-01
6.192040421501586733e-01
6.227963779605529826e-01
6.253145334560741286e-01
6.278724432541260558e-01
6.303140072209864053e-01
6.328301308902872790e-01
6.358604710551527539e-01
6.394534154587014907e-01
6.428602884003273843e-01
6.460897463105713667e-01
6.492577609977523423e-01
6.521105030978331385e-01
6.548875143798070786e-01
6.573991307513578075e-01
6.594563701129938504e-01
6.604857057319899472e-01
6.617455233186859687e-01
6.628800159969082673e-01
6.639099230020882869e-01
6.649339572016766953e-01
6.659126828512250684e-01
6.667986432001786756e-01
6.675700916936813112e-01
6.680337275585953583e-01
6.683310705982697941e-01
6.687509464512332302e-01
6.690898754285665717e-01
6.695809672497832210e-01
6.697870946887496402e-01
6.701239466656150334e-01
6.705474441281159548e-01
6.708373338121015328e-01
6.711988244892099775e-01
6.712745381951897850e-01
6.714997853457593813e-01
6.718327367032888020e-01
6.719317168986317368e-01
6.721082819284118770e-01
6.723518303244074845e-01
6.726201507162796744e-01
6.729538308642908362e-01
6.734093463594622575e-01
6.741059643968938531e-01
6.747581953741074168e-01
6.749743555613252344e-01
6.746275394938862080e-01
6.732182827530348579e-01
6.711723953044805846e-01
6.688264626313799033e-01
6.658502270165007619e-01
6.625403847201756236e-01
6.590185626542044428e-01
6.554941709874111400e-01
6.516367786973343845e-01
6.479393518547362785e-01
6.442228429811129864e-01
6.403490112731704542e-01
6.367236844850133748e-01
6.328850434906546640e-01
6.291831164509135155e-01
6.255474021993365774e-01
6.218201291189787705e-01
6.181420552032466098e-01
6.144077805850293172e-01
6.107281370380603924e-01
6.071529403181340490e-01
6.035102834667578353e-01
5.997804342192037952e-01
5.962258252872361108e-01
5.924586035164866038e-01
5.888553252582294784e-01
5.851341571395063390e-01
5.813408640784640813e-01
5.774202130160505098e-01
5.735835311953574323e-01
5.697255297062949753e-01
5.655665360680406373e-01
5.615078192191157447e-01
5.571757167000571664e-01
5.526923300450967691e-01
5.483297077437232492e-01
5.435954085852660045e-01
5.388610848263448716e-01
5.340955458819033330e-01
5.289334771739724328e-01
5.234456469314744398e-01
5.177180038863735678e-01
5.117525120502925962e-01
5.054783682397179234e-01
4.988881467940569081e-01
4.920434839325237841e-01
4.847853083367726912e-01
4.772102027412831737e-01
4.692558066497485303e-01
4.610066775115222448e-01
4.524711341179518120e-01
4.435865205504321285e-01
4.345727227758691691e-01
4.252976418196089958e-01
4.159562003043057454e-01
4.065094542874277961e-01
3.968905009620916635e-01
3.871502046310151268e-01
3.772983213149709858e-01
3.675710908445574132e-01
3.578295792287344290e-01
3.480720718037975669e-01
3.385459768988525742e-01
3.290900001595571389e-01
3.196542646771488583e-01
3.122014486284554469e-01
3.065518131473588537e-01
3.009521424218253860e-01
2.955123229552164554e-01
2.900311504061025558e-01
2.845684935855337105e-01
2.812352168544751674e-01
2.778363647699954586e-01
2.745989364940143451e-01
2.713451344659734699e-01
2.680198344166318525e-01
2.649013310952736400e-01
2.645663704611949107e-01
2.643195062996984146e-01
2.637986756412767919e-01
2.630799113117416876e-01
2.622594634479875619e-01
2.613778641007832859e-01
2.600270281861495336e-01
2.585401301029584542e-01
2.570197271397843819e-01
2.539722820291337446e-01
2.510126161542680090e-01
2.486707799767347848e-01
2.467233793150111210e-01
2.449733886701928876e-01
2.431638416147671455e-01
2.412511080387420848e-01
2.394979101286408563e-01
2.376573238341260219e-01
2.358561020216694282e-01
2.344545300126807952e-01
2.338349983379444663e-01
2.330834294998412604e-01
2.321317896786486978e-01
2.311837393126094098e-01
2.301887265647376835e-01
2.290123550314593637e-01
2.280445939526920263e-01
2.270074452787469443e-01
2.259455805970103648e-01
2.250215458928300494e-01
2.240517465906945727e-01
2.229057441195103351e-01
2.219440112500860873e-01
2.209666019191833808e-01
2.198504369537273295e-01
2.193458369059057556e-01
2.187717180524802740e-01
2.180863824957814112e-01
2.176395163906915120e-01
2.171761956914624314e-01
2.165808717156519347e-01
2.158099183648278241e-01
2.150814967766122854e-01
2.143497289328707700e-01
2.136032350062088414e-01
2.128640932189915513e-01
2.121673167011434991e-01
2.114210548477992724e-01
2.106353055254213957e-01
2.099630715850553386e-01
2.092078606161216214e-01
2.085077871505737757e-01
2.076005887049390819e-01
2.063834385222857726e-01
2.050401441104293676e-01
2.038794604526598941e-01
2.026435247668647854e-01
2.015130399589433186e-01
2.002381265143205746e-01
1.991749503600224180e-01
1.980046057061253528e-01
1.967606207833312304e-01
1.957167580910916804e-01
1.945833290165796814e-01
1.934357038648069627e-01
1.923999900621857218e-01
1.912633942797659636e-01
1.901842445134563075e-01
1.890401894705792951e-01
1.879557619204468566e-01
1.870115436583879021e-01
1.859370172303645152e-01
1.848241418406872671e-01
1.838400640143835474e-01
1.826952981461907599e-01
1.817227269329173556e-01
1.807310255321902537e-01
1.798260735454064174e-01
1.787024829369537604e-01
1.777399717532162360e-01
1.767308798042762641e-01
1.755483582212999383e-01
1.746589693535312293e-01
1.742643879984477617e-01
1.737690013098865116e-01
1.732379014529525640e-01
1.727361317252645856e-01
1.718722999352549075e-01
1.712018731495986712e-01
1.703746314725127498e-01
1.696597657062797748e-01
1.684613027071149849e-01
1.674047240453301333e-01
1.646647520971012413e-01
1.615110442866158347e-01
1.583992880754296340e-01
1.554163264143321177e-01
1.519767990568872684e-01
1.483835569596343718e-01
1.449461145260050043e-01
1.417550061827442531e-01
1.384205672016726174e-01
1.354887293765119349e-01
1.324383707339230054e-01
1.297217692385299603e-01
1.270799229560816979e-01
1.244194380414201523e-01
1.219384501369709245e-01
1.196052462257405080e-01
1.172670480223283324e-01
1.151562006992041948e-01
1.130707970224650444e-01
1.110416085389756974e-01
1.091302872246436989e-01
1.073799802909832651e-01
1.054517303503585968e-01
1.037725919929972651e-01
1.022628559989247482e-01
1.005728039074807595e-01
9.917798456183833655e-02
9.772793694434887823e-02
9.636895451445016969e-02
9.500858585335364426e-02
9.386101169245103515e-02
9.265000299501252590e-02
9.146715299508609287e-02
9.052498434279619699e-02
8.944662154138652288e-02
8.859612405083887310e-02
8.762937478067232833e-02
8.657794918529930495e-02
8.585346353602210656e-02
8.496413169329684878e-02
8.423145071988320798e-02
8.351054845071669008e-02
8.278840745113281996e-02
8.208944831854786406e-02
8.143715930709102824e-02
8.079822728522684239e-02
8.022171254876983570e-02
7.969123267463582017e-02
7.908748759285141872e-02
7.856414368115173519e-02
7.806986062975011798e-02
7.762093449551663027e-02
7.704016802609837955e-02
7.668699524703176396e-02
7.615754676780757404e-02
7.561497826807636602e-02
7.527920602925661231e-02
7.489538412002598455e-02
7.447158558459994471e-02
7.402987294120237649e-02
7.373305331315428701e-02
7.331773865801502477e-02
7.304578246454365709e-02
7.264605513717098395e-02
7.244944468979634677e-02
7.211486804302587317e-02
7.165773035574893313e-02
7.133512851094589435e-02
7.116861690543235808e-02
7.080414727994559232e-02
7.069203747849470143e-02
7.033943597900622902e-02
7.009229750679106530e-02
6.981183910988893182e-02
6.956312301355613292e-02
6.928032875468863316e-02
6.917886349144344860e-02
6.887301526805746088e-02
6.862757710160269364e-02
6.842630090223364436e-02
6.817785292903510985e-02
6.808583175083009198e-02
6.782792188917745324e-02
6.775975919600517317e-02
6.752335679198723239e-02
6.733734648212710838e-02
6.724457628602874271e-02
6.702140801673758808e-02
6.693403652491392020e-02
6.672913846980513264e-02
6.656716800669085221e-02
6.634966263054528635e-02
6.622593152057713872e-02
6.612065678295141191e-02
6.606824961886824388e-02
6.588120334346549145e-02
6.583473806205145107e-02
6.574300571915026037e-02
6.545967448454649562e-02
6.539901841065778876e-02
6.529527770381403362e-02
6.519412049187615910e-02
6.515054274904709397e-02
6.490859048652414254e-02
6.480015362016976199e-02
6.470617246808747780e-02
6.460564991417740155e-02
6.449747541703683418e-02
6.436991075507295101e-02
6.431117060360411197e-02
6.418470612604462722e-02
6.404808733510185259e-02
6.392785674728887479e-02
6.388092916775518770e-02
6.372341611157666952e-02
6.359493720139501594e-02
6.344225027410740902e-02
6.339604311833897665e-02
6.331778722769031142e-02
6.321074147662190945e-02
6.305545680813304243e-02
6.297094124638637214e-02
6.284475140457801423e-02
6.279795160015318178e-02
6.268550172260915765e-02
6.265688855587590866e-02
6.248624775938529941e-02
6.239387126389286942e-02
6.227903270541108177e-02
6.223341558983304378e-02
6.207628462174641371e-02
6.210636897724656352e-02
6.196424068444499056e-02
6.185502947998367668e-02
6.183837936230521942e-02
6.163270106806785498e-02
6.152591848521415246e-02
6.168579970445244032e-02
6.132410027977721473e-02
6.133777938221630921e-02
6.130349988556769297e-02
6.131660420735534495e-02
6.118142164675526018e-02
6.124016502699541897e-02
6.106741735991157854e-02
6.109428442919041802e-02
6.100927149109205971e-02
6.104652145604375774e-02
6.101367902567968182e-02
6.094808006191905492e-02
6.108041052907597218e-02
6.102502480578546329e-02
6.112513265935821255e-02
6.108336839242620164e-02
6.099256950666050864e-02
6.099897461162370749e-02
6.097189226492447794e-02
