6.431192395903204768e-05
6.400734954232929752e-05
6.438198432310270058e-05
6.409117515427673669e-05
6.437118768338676023e-05
6.389356264518943811e-05
6.421085536124247143e-05
6.648172755909738981e-05
6.961439554820625082e-05
7.360208593264786988e-05
7.959082209341968104e-05
8.981919270731209145e-05
1.093003254191678771e-04
1.292648109325381350e-04
1.547834277313304963e-04
1.841497806635141810e-04
2.185992043821390735e-04
2.876670023929860597e-04
3.770575041240311807e-04
4.873638103312617157e-04
5.684144425407379377e-04
6.047277061076559599e-04
6.328999546108762678e-04
7.005637201739378130e-04
7.972911937649241297e-04
8.627724630391462365e-04
9.389362099699389208e-04
1.016265452306473445e-03
1.084988202879765776e-03
1.136264159742246017e-03
1.203941062792422342e-03
1.275043156621441520e-03
1.358981023838586478e-03
1.421932962869370274e-03
1.493981094777195769e-03
1.609797834368533083e-03
1.788401974612414654e-03
2.138089579275096342e-03
3.220114127570354937e-03
6.039088898718824802e-03
1.032718213383010397e-02
1.790725948200509038e-02
3.196814633229742159e-02
5.288473146089638088e-02
7.634084293510877417e-02
1.057993589625954994e-01
1.348686619673559739e-01
1.636576317567913219e-01
1.966609680551722195e-01
2.398188692500112795e-01
2.773379640650902589e-01
3.077398298897698892e-01
3.267252066632015950e-01
3.404061161912277367e-01
3.502790814245670403e-01
3.566005775517336329e-01
3.593559759282696775e-01
3.593916469221833387e-01
3.557776384938353686e-01
3.475643885634093766e-01
3.372607159072362193e-01
3.220241386973385356e-01
3.023667858818367415e-01
2.826227473023717462e-01
2.632156407954807653e-01
2.455170260636527213e-01
2.288574179811005693e-01
2.138334790811760311e-01
2.000378918782672877e-01
1.878536240765130427e-01
1.766031780529447870e-01
1.664968657351242054e-01
1.572472309528721301e-01
1.446873195459796591e-01
1.337764739322100660e-01
1.245575761963787081e-01
1.163626733006141029e-01
1.092715879568468273e-01
1.031620183208677988e-01
9.640923458098998866e-02
8.944004797129471995e-02
8.366024351497486355e-02
7.867261887726906266e-02
7.438195298376588938e-02
6.831755261244699950e-02
6.335189619044194476e-02
6.020377297142362472e-02
5.892179370038844871e-02
5.800962021842176464e-02
5.707532445186819237e-02
5.570752234793136665e-02
5.448871676660197588e-02
5.254825801116039946e-02
5.091353137920549832e-02
4.860662104215139612e-02
4.649324903200417747e-02
4.475507165194155673e-02
4.321892045210060790e-02
4.188729129050483557e-02
4.061770728059285740e-02
3.955983579483105667e-02
3.861537719923387180e-02
3.776790579275992460e-02
3.704322725253225007e-02
3.634875767903901489e-02
3.579373645942471316e-02
3.487104260613564655e-02
3.410273550369139622e-02
3.350030996228597208e-02
3.305819900005116385e-02
3.253966869244142440e-02
3.211227763578249766e-02
3.183345153899898999e-02
3.167601937982635063e-02
3.167205625997338014e-02
3.196954444884791274e-02
3.245434833776780076e-02
3.321707635268186798e-02
3.402183046742995876e-02
3.505768536799123980e-02
3.620991762577478040e-02
3.748091188200423224e-02
3.855764298124020328e-02
3.970405700331099130e-02
4.083786516062188482e-02
4.207772711258233461e-02
4.340708735778937843e-02
4.474056701710944772e-02
4.614508702524083156e-02
4.758557545179322584e-02
4.861191793038800030e-02
4.969640709571655768e-02
5.074443181745525583e-02
5.188701783408839613e-02
5.328649103772738899e-02
5.496819413032997398e-02
5.664654231419268687e-02
5.825068208327822267e-02
5.993774545495229172e-02
6.144170795158020171e-02
6.297237558943084845e-02
6.435603692391732300e-02
6.554815775720894411e-02
6.611038246331803203e-02
6.688794190574429144e-02
6.753160402545096974e-02
6.815263683957813179e-02
6.876761513304049944e-02
6.933377350859525057e-02
6.985817086074622151e-02
7.031894613396907912e-02
7.060118763309368439e-02
7.077474264020895689e-02
7.103340130896383664e-02
7.124570396579583964e-02
7.152405123685044719e-02
7.165270314341723457e-02
7.185293449103176411e-02
7.210862443280773026e-02
7.230362370393930704e-02
7.251979945310640940e-02
7.252211590566176591e-02
7.265558768821969715e-02
7.286107783781484160e-02
7.292814731016974972e-02
7.303548702997909869e-02
7.317960451450616910e-02
7.332175232659828013e-02
7.349840489940590027e-02
7.374175289086722096e-02
7.410777795641504406e-02
7.442370166706960277e-02
7.437478758435334125e-02
7.386245968725363431e-02
7.256530991628502847e-02
7.086579931145536859e-02
6.900744692989910223e-02
6.673206324698850722e-02
6.433776880105128437e-02
6.185954381502511978e-02
5.949853767515386749e-02
5.698517002617569521e-02
5.469058797262241894e-02
5.246762495504619234e-02
5.025076037537180851e-02
4.821951113765689245e-02
4.618573211255442429e-02
4.429021374886954465e-02
4.249613745252660280e-02
4.073373439689261660e-02
3.905212040174436960e-02
3.741195455168568745e-02
3.585699635955912068e-02
3.439314590172612429e-02
3.295703688822708421e-02
3.154248267940455708e-02
3.024566830222094257e-02
2.893123753034160597e-02
2.770024497945198019e-02
2.649263118925653665e-02
2.530066823116956104e-02
2.413711271068644595e-02
2.304467755884073710e-02
2.199823246696475457e-02
2.092781191936735410e-02
1.994221947972357051e-02
1.895024557735999066e-02
1.797314489730921644e-02
1.708667628650875625e-02
1.618153454576721703e-02
1.532908167379833445e-02
1.452808974601810590e-02
1.371075975221916661e-02
1.292147776263267468e-02
1.217600670150865289e-02
1.147387599211178132e-02
1.078522199822692235e-02
1.011878454989346456e-02
9.487807635374415419e-03
8.873403580444236272e-03
8.307779485489058188e-03
7.759154771971746821e-03
7.247448586667258261e-03
6.762689806963493970e-03
6.301183267549788011e-03
5.864105964100987944e-03
5.455239823799864010e-03
5.077788097008739329e-03
4.726873980044409701e-03
4.391261358626526515e-03
4.081910829266397964e-03
3.793977450477992609e-03
3.531642483637436724e-03
3.281084210835281609e-03
3.053079580957001465e-03
2.849461819514866739e-03
2.652446035018278785e-03
2.470443514987815531e-03
2.332194083166105186e-03
2.233609466401957101e-03
2.142660159545496396e-03
2.052281434186641919e-03
1.968052769648050669e-03
1.886444287624453693e-03
1.836005247018170387e-03
1.786399830998024662e-03
1.745598796173824683e-03
1.706551101184501477e-03
1.656759784018028070e-03
1.617801931693346913e-03
1.615479480457905192e-03
1.610104493448706814e-03
1.605604538163271817e-03
1.597747573407982610e-03
1.585684717287208978e-03
1.574939719831484810e-03
1.559123374786249060e-03
1.536515550154927490e-03
1.522015227073389865e-03
1.482980602261023233e-03
1.450750046894956668e-03
1.423838248841974557e-03
1.399769428983957441e-03
1.381066270799082615e-03
1.363786106302319889e-03
1.340430803742970059e-03
1.321839757428098106e-03
1.302162159451034995e-03
1.283681677956295111e-03
1.270085399152018520e-03
1.264975257474619964e-03
1.255991693764201824e-03
1.245777711149410405e-03
1.236792004142066477e-03
1.226960809241113603e-03
1.211969826892019724e-03
1.202689234809050300e-03
1.194084994291913764e-03
1.184313592966783303e-03
1.174836178081142780e-03
1.165643279070813828e-03
1.153177107233639307e-03
1.142940731551625325e-03
1.132494645788508121e-03
1.123285514778118695e-03
1.116378073345728481e-03
1.113614090275034160e-03
1.108299231411571635e-03
1.103689667743563063e-03
1.097283937502326534e-03
1.092686023830329901e-03
1.084733796887591990e-03
1.081360744789197290e-03
1.068953148941856985e-03
1.065294868511013375e-03
1.056972732256221143e-03
1.052771593182628973e-03
1.045595423021642096e-03
1.038539701090790239e-03
1.032892569703659563e-03
1.027345283008146469e-03
1.020415946892905225e-03
1.010443519086939423e-03
1.000844386628784626e-03
9.897902308134459877e-04
9.788177955921554055e-04
9.670737886152844459e-04
9.602096456824103787e-04
9.466846284984607859e-04
9.403008769145174877e-04
9.290088768545553752e-04
9.180680191419990409e-04
9.108557561718237444e-04
9.016659498284144416e-04
8.922323257769679749e-04
8.850635958575245148e-04
8.742549391033655826e-04
8.667153528098373331e-04
8.560787272954995669e-04
8.482632521664602724e-04
8.429677587943525683e-04
8.337676060800057508e-04
8.261102668794374033e-04
8.169057827780289594e-04
8.080503915075614406e-04
7.998830799402897786e-04
7.958053381418537251e-04
7.883144824780029996e-04
7.781669719673929130e-04
7.713449018820617417e-04
7.650707070789110114e-04
7.576688215409824569e-04
7.499014075884218641e-04
7.467230651426667865e-04
7.434679251848725495e-04
7.392507333395803570e-04
7.363317853343989737e-04
7.299805616951669145e-04
7.263396429997132607e-04
7.193386790268120222e-04
7.179582555444390026e-04
7.057617416060720785e-04
6.995171182066789060e-04
6.820226779616124241e-04
6.600535269967024252e-04
6.415648251849460481e-04
6.224575390728477554e-04
6.007964805959596340e-04
5.805204668312415831e-04
5.605402982602999181e-04
5.422371897165417310e-04
5.234536353423127272e-04
5.093209089527882087e-04
4.922579786950081332e-04
4.784078520079169386e-04
4.648577786766282206e-04
4.512765741439422082e-04
4.393119178149307281e-04
4.286009726389933359e-04
4.184522349430403214e-04
4.082922124398795307e-04
3.995088930793328419e-04
3.908025814634808154e-04
3.824397287209578599e-04
3.763770997320875023e-04
3.661257958134246757e-04
3.609679704283158997e-04
3.547477362129759825e-04
3.460110871426714065e-04
3.408472735469466209e-04
3.359997991921658076e-04
3.312582789828450911e-04
3.244109122249806861e-04
3.203668598057363625e-04
3.154158525103320640e-04
3.124908164959191189e-04
3.085365055454779184e-04
3.043445058843681538e-04
3.016108887359209641e-04
2.964783590794611823e-04
2.922402547949129589e-04
2.896754854052831685e-04
2.871044713122416700e-04
2.841790873031699739e-04
2.809540007332947528e-04
2.781035014964677019e-04
2.740833484569592487e-04
2.716303927226848569e-04
2.696269936421782183e-04
2.645821946219114370e-04
2.638931932008427642e-04
2.602003926590560224e-04
2.569676801740001658e-04
2.564434017288590791e-04
2.539338219100122410e-04
2.508746813395649512e-04
2.485635437030120137e-04
2.453476858302252738e-04
2.435354449653315810e-04
2.411981252575075220e-04
2.395267431346806333e-04
2.358735258733154030e-04
2.339552594396857098e-04
2.321446632628701011e-04
2.294426399961644117e-04
2.279577955629655619e-04
2.262104333104426662e-04
2.244721911276576203e-04
2.220749168537372207e-04
2.203417653950888986e-04
2.192081438269895223e-04
2.165177675547587659e-04
2.144945915795813793e-04
2.145530639270842518e-04
2.127742956957211294e-04
2.105064802337208794e-04
2.084635956219570423e-04
2.068972605030789281e-04
2.057373365907975776e-04
2.039706031486954174e-04
2.023239230025015718e-04
2.013329221930198131e-04
2.002553755456097596e-04
1.973770881703858866e-04
1.987094734269773198e-04
1.961833943622220792e-04
1.942933939375941386e-04
1.931158642304652375e-04
1.928020089987513984e-04
1.912577536307047594e-04
1.899143607659929103e-04
1.880788699781799067e-04
1.867505147683710086e-04
1.860584519036230153e-04
1.838602989584284795e-04
1.820787862340696986e-04
1.822503750411447177e-04
1.813660097459643687e-04
1.800404821666825748e-04
1.794071590987457866e-04
1.790279438082184062e-04
1.772707113528207662e-04
1.757592499199126684e-04
1.750104145982742977e-04
1.740729834429810183e-04
1.749283699053256927e-04
1.737670103210027788e-04
1.721982549706737317e-04
1.706386338225837748e-04
1.696333776919122037e-04
1.697756334576012809e-04
1.692734905863128967e-04
1.677929779450382046e-04
1.673669013318276248e-04
1.661278581909563857e-04
1.655867467706076282e-04
1.651092148662602357e-04
1.636192855501361013e-04
1.635875721475141037e-04
1.617778772450516312e-04
1.618459612031563277e-04
1.610577065152766617e-04
1.607329792457970182e-04
1.591855785228386312e-04
1.592859577419610732e-04
1.589160005051518771e-04
1.583831220597275915e-04
1.559227381532122354e-04
1.567785210734454551e-04
1.557417539078590320e-04
1.550077022268962084e-04
1.538449108503131015e-04
1.536934525450846516e-04
1.535637408746191206e-04
1.526641824934706667e-04
1.527596783856323968e-04
1.509542530383943743e-04
1.514393920134326859e-04
1.500914057184038702e-04
1.492950667464868365e-04
1.494313932110504168e-04
1.491010418259750643e-04
1.486087087485265807e-04
1.476910533947169309e-04
1.480691115232261683e-04
1.470588122116180444e-04
1.469267599122492786e-04
1.463208174895976033e-04
1.461434781246820445e-04
1.454254977610599337e-04
1.455609839723304903e-04
1.450664840248615695e-04
1.439184351240391355e-04
1.454114480588183673e-04
1.445469372371095717e-04
1.438909082452594979e-04
1.441345991059449477e-04
1.429410971852200756e-04
1.434036509543074208e-04
1.430068836127744946e-04
