4.530679023108299428e-06
4.493981038500468270e-06
4.532979755667400964e-06
4.496033533104991651e-06
4.521097149243466425e-06
4.462181878526440229e-06
4.491739467271418828e-06
4.739568979275334549e-06
5.056445093943224952e-06
5.469046251452605093e-06
6.094729117205872967e-06
7.249947904796109279e-06
9.563462783349686744e-06
1.220351705472238988e-05
1.576841586532425177e-05
2.015688859603537105e-05
2.565909264952544123e-05
3.794281877580257340e-05
5.555753644106824625e-05
7.979236322892276729e-05
9.886273664883417963e-05
1.078780778388721610e-04
1.148555486734470325e-04
1.323412642452339693e-04
1.580652648765505284e-04
1.761598937060869236e-04
1.974925043083342816e-04
2.196058421829314073e-04
2.391119507028000891e-04
2.532793197393696637e-04
2.722315939448719663e-04
2.911409243965718289e-04
3.115244928669703072e-04
3.254697496755116614e-04
3.381366900541390498e-04
3.576112557950776399e-04
3.812171388718219663e-04
4.295364535828125334e-04
6.322092961548157362e-04
1.400458370153834491e-03
2.920413496231061626e-03
6.090280306946361556e-03
1.273686382393034340e-02
2.361367117014634073e-02
3.668597594069777229e-02
5.428634472594340288e-02
7.279839412932737064e-02
9.197032239312190327e-02
1.150444670995169894e-01
1.466892204901507901e-01
1.753165484382981920e-01
1.991971004631427622e-01
2.144558238333724720e-01
2.254617890434996996e-01
2.334746668819427384e-01
2.385769968771014327e-01
2.406396608210578658e-01
2.404684857722864388e-01
2.371036220150940788e-01
2.297203434322639404e-01
2.206965785820557968e-01
2.075310967133783824e-01
1.909877988906188984e-01
1.747262600751455786e-01
1.590967806672838880e-01
1.452272602089705322e-01
1.324170391547673520e-01
1.211604532178110760e-01
1.110504954725946153e-01
1.023473578437501530e-01
9.445900739354579079e-02
8.748858942959369944e-02
8.122718452878864570e-02
7.298396151975142243e-02
6.596108886292034734e-02
6.021039597652164121e-02
5.514720580052855092e-02
5.090197078370724271e-02
4.731032973479061543e-02
4.340309204605943827e-02
3.945077422102229864e-02
3.627245496952710702e-02
3.357436392406777659e-02
3.129564766791913255e-02
2.811062521256028207e-02
2.555381106025561566e-02
2.400601427882345998e-02
2.335489780900271151e-02
2.288832854126793270e-02
2.242595423854465767e-02
2.174824134813572313e-02
2.115753116356825295e-02
2.018993302247259689e-02
1.940656437829924377e-02
1.830444987629607431e-02
1.728054883573511280e-02
1.645149929778650863e-02
1.572746973163961781e-02
1.510911391585918577e-02
1.449376066204613109e-02
1.400408800834311053e-02
1.354834713120705268e-02
1.314739937143357199e-02
1.280925074203787851e-02
1.246893567862997904e-02
1.221805623566044226e-02
1.176482366928651227e-02
1.138013039461206397e-02
1.107565159431387301e-02
1.084083284779817184e-02
1.055013204004645599e-02
1.028243585043327538e-02
1.006962385729257350e-02
9.914138525724433895e-03
9.785296242926695004e-03
9.745260321702985812e-03
9.779626130880948037e-03
9.930216937085570988e-03
1.008314314408730386e-02
1.033739841752488210e-02
1.064346340546308903e-02
1.100294169989538169e-02
1.132839864752161092e-02
1.168317583698809739e-02
1.204460233157056415e-02
1.244715094666369939e-02
1.289647411676609311e-02
1.335269299446669930e-02
1.384839519972299281e-02
1.436922940120623562e-02
1.473784804558718291e-02
1.514460642133112593e-02
1.553377445510918838e-02
1.597145289666207502e-02
1.651299319491491072e-02
1.716780359996905592e-02
1.783632158752341754e-02
1.848074103244789698e-02
1.917722730799082190e-02
1.979937913050979978e-02
2.044652091881327474e-02
2.103144468556561800e-02
2.154634485786528428e-02
2.178294952117926925e-02
2.212926546731589991e-02
2.240404472618412468e-02
2.267760398993989499e-02
2.294964088275309316e-02
2.319529676625212838e-02
2.342405808493915401e-02
2.362885771737132171e-02
2.375453858361974493e-02
2.382909305782948337e-02
2.394526819707697499e-02
2.403939590874327320e-02
2.416302383177445015e-02
2.421621892413564070e-02
2.430472326363192562e-02
2.442177040117723269e-02
2.450891747861753608e-02
2.460410257533651029e-02
2.459883903065002847e-02
2.465609128559170804e-02
2.475055838213397960e-02
2.477967018347366351e-02
2.482539719950838455e-02
2.489176197640238092e-02
2.494937226924432566e-02
2.502555402709285767e-02
2.512809217062317302e-02
2.528061259059743646e-02
2.540417156515352090e-02
2.534974474834819982e-02
2.506394488611670898e-02
2.440798912864799650e-02
2.357147264242284365e-02
2.267550144765007047e-02
2.159740669646183914e-02
2.048436847575220779e-02
1.935284957321432506e-02
1.829644382654037685e-02
1.719067588304312028e-02
1.620119528033949971e-02
1.526084311012583170e-02
1.434110666808055719e-02
1.351381607183695967e-02
1.270179803796870309e-02
1.195933106917792046e-02
1.127045652551924085e-02
1.060520030910847705e-02
9.983524848668942978e-03
9.388973386883625941e-03
8.834488170572240076e-03
8.323026537323401780e-03
7.830170145786855690e-03
7.352982582714699504e-03
6.924810944285036442e-03
6.498962735430710742e-03
6.106966717890411310e-03
5.730638041869827622e-03
5.366046199450693124e-03
5.017571875959642679e-03
4.697001100122845905e-03
4.396058260418449389e-03
4.095332148937812743e-03
3.824001456147543398e-03
3.556775012368742616e-03
3.299121904450569038e-03
3.070736102050024806e-03
2.843067950753651492e-03
2.633907706314241471e-03
2.442978257089653115e-03
2.252303623855190801e-03
2.073421454866107658e-03
1.909033703048745173e-03
1.758927610765620127e-03
1.614644937718178212e-03
1.479699199310868492e-03
1.355405685215263284e-03
1.237459922087956335e-03
1.132608419023000551e-03
1.033460358490457523e-03
9.436385382637348064e-04
8.607760896714261546e-04
7.838961673328980438e-04
7.130794527319633900e-04
6.490141190462602122e-04
5.911330909974332011e-04
5.391307451041683300e-04
4.902745252059219003e-04
4.466380928392441204e-04
4.070884000466510819e-04
3.718439221898036978e-04
3.386217301093474874e-04
3.093666906394198861e-04
2.838919456254922267e-04
2.598531271968333007e-04
2.378311299662629920e-04
2.216318708569134030e-04
2.102024601561784244e-04
2.000263029151405744e-04
1.897235046138458388e-04
1.803815134293075800e-04
1.714776476310535605e-04
1.659255739765280984e-04
1.604546023807668282e-04
1.562386433797880348e-04
1.523687561237451339e-04
1.469007986282107293e-04
1.428156533674494115e-04
1.427436095681807880e-04
1.420029934461134455e-04
1.415649765787481819e-04
1.409956986370953743e-04
1.395623095047564624e-04
1.385583252600300884e-04
1.368042825546504941e-04
1.343383919484986545e-04
1.332633206512847681e-04
1.289427729063598446e-04
1.258291198558819646e-04
1.230806885416432643e-04
1.206249359761516480e-04
1.189191111779513169e-04
1.172402128911933849e-04
1.148694140854421649e-04
1.128719458317095273e-04
1.110156623857539603e-04
1.091261673886646951e-04
1.078705004260968375e-04
1.073030433354574411e-04
1.066081199040114225e-04
1.056144143997321219e-04
1.045053157007896238e-04
1.038975323242501483e-04
1.021490312872228403e-04
1.012694907223993295e-04
1.005886557212274448e-04
9.940534429475069659e-05
9.865905640708591659e-05
9.773977242983589403e-05
9.656021223590771912e-05
9.540086452978536764e-05
9.429183729219062736e-05
9.356514397042895164e-05
9.287355011608361692e-05
9.273172926793380529e-05
9.236471325764113985e-05
9.167990556949408081e-05
9.117309135495212959e-05
9.069782259478366014e-05
8.977849659866192489e-05
8.983244589484561300e-05
8.824077711042651402e-05
8.813996130541567242e-05
8.731584341310887076e-05
8.689134613272411854e-05
8.625911381420333030e-05
8.559584929351758925e-05
8.491450845631523948e-05
8.458446524685566423e-05
8.377488658648909385e-05
8.286067648078358381e-05
8.217025180306211944e-05
8.104597524104776999e-05
7.995556830390869582e-05
7.883168545290456474e-05
7.826561777567376697e-05
7.698994799057643748e-05
7.650002739381580198e-05
7.536647922267723017e-05
7.436092596643520067e-05
7.364162992654900116e-05
7.285122589054686588e-05
7.195635054056129991e-05
7.147522500139589477e-05
7.035676616891092339e-05
6.972644963021193128e-05
6.876255858152126408e-05
6.807133429530564967e-05
6.754962854336598200e-05
6.678629569433770210e-05
6.613354938370451599e-05
6.528388014996964865e-05
6.437754851065299194e-05
6.371544245414256064e-05
6.343924122394983226e-05
6.274764624486225755e-05
6.182670559466147537e-05
6.120802856787803089e-05
6.078041049064673395e-05
6.002893923111196102e-05
5.932649798943585569e-05
5.901464885534332341e-05
5.862717642241592817e-05
5.842522130305014856e-05
5.809149304518064787e-05
5.760631549061670124e-05
5.719185294604379983e-05
5.662024628576016770e-05
5.674608566045109885e-05
5.545654756159395230e-05
5.500306813823295916e-05
5.348743644094825991e-05
5.153525730305859353e-05
4.998924815789023839e-05
4.827940989633416983e-05
4.648954391354353990e-05
4.487362471403759617e-05
4.321012834737018166e-05
4.162394219305027540e-05
4.020751986205550635e-05
3.909860410580129602e-05
3.769487789333662771e-05
3.657482971460452323e-05
3.544046541759207939e-05
3.435202008562657466e-05
3.341525281941713928e-05
3.258648685360747351e-05
3.177159750307257036e-05
3.089636147002145335e-05
3.028612305703716327e-05
2.955541826322381050e-05
2.884536257356475463e-05
2.844939354443548184e-05
2.751879170747765919e-05
2.716620240864566811e-05
2.663277181985782726e-05
2.587797153710336408e-05
2.547609166130331492e-05
2.507770710916759638e-05
2.475362359528105970e-05
2.416546177145643349e-05
2.382673081915403227e-05
2.343272471504998013e-05
2.326004201058834124e-05
2.293150297490436919e-05
2.261629401944217682e-05
2.242385208462382873e-05
2.194634476162404083e-05
2.167545525019173980e-05
2.149117332522364112e-05
2.131871684478763585e-05
2.114297477942496907e-05
2.093684032983290030e-05
2.074937175645340441e-05
2.042692112340252584e-05
2.026569651896817991e-05
2.015742189456532453e-05
1.963685556236179777e-05
1.973192615258643386e-05
1.930835853005077009e-05
1.903254802880764045e-05
1.911031702278851899e-05
1.879999317157121308e-05
1.858136533661476817e-05
1.836292798299941507e-05
1.802758192629654694e-05
1.793160763145294390e-05
1.769182398549452815e-05
1.755513121893806296e-05
1.721976147709964642e-05
1.704929364680334765e-05
1.684474889386031280e-05
1.659890915608917752e-05
1.649183049812292449e-05
1.633091684943640347e-05
1.617405397405781591e-05
1.593583755092413921e-05
1.579755478689525141e-05
1.569703291975545545e-05
1.544372090752435466e-05
1.524168111548333342e-05
1.529970183389350245e-05
1.513294888720026271e-05
1.492581668285013271e-05
1.474671312455423944e-05
1.460435636190965481e-05
1.451929192497143073e-05
1.435461707398546625e-05
1.421302909287777790e-05
1.412873519600761495e-05
1.403970826392254978e-05
1.377439474001017347e-05
1.393492757696843168e-05
1.369874561921129260e-05
1.353437051037160810e-05
1.344029062206510121e-05
1.342748688484370669e-05
1.330403152396743880e-05
1.318735930764958790e-05
1.302572928237105781e-05
1.291480131257857781e-05
1.286500043546837413e-05
1.267285739680746578e-05
1.251627059213847884e-05
1.256561434179268716e-05
1.249142979862679448e-05
1.238903992950052849e-05
1.234743793094520395e-05
1.235599565594384538e-05
1.220910749506428504e-05
1.208583653547861220e-05
1.204641843925251074e-05
1.198674123932606971e-05
1.212218745823495825e-05
1.203161016612687363e-05
1.192208058120315188e-05
1.182047332257983402e-05
1.174347712048677829e-05
1.180925872488291617e-05
1.178381438019904831e-05
1.172470568217516876e-05
1.167698390040752937e-05
1.158606973836795708e-05
1.154102623711857562e-05
1.158052075595391869e-05
1.145245322600339362e-05
1.145928706631992520e-05
1.126401546500392234e-05
1.130226280482049916e-05
1.126988590064604259e-05
1.119273834545352016e-05
1.109963143173572327e-05
1.109306105647949679e-05
1.103282456284449059e-05
1.101346195138274817e-05
1.075189693990002030e-05
1.086407838267187545e-05
1.075205220897730429e-05
1.066322163484186705e-05
1.053756238425129058e-05
1.053220542891039729e-05
1.053250844033843929e-05
1.039558995595205077e-05
1.042953700129287235e-05
1.025788228575444344e-05
1.030115577796890377e-05
1.015883790080942372e-05
1.008151000935708045e-05
1.010082530596425862e-05
1.007673162100431378e-05
1.001844513329745320e-05
9.928349932255956157e-06
9.971192780559151852e-06
9.881728465846127471e-06
9.865349935725347978e-06
9.823377081156056524e-06
9.812360102806785931e-06
9.740897945480285307e-06
9.767742979038947251e-06
9.717137623871175396e-06
9.613773249753289289e-06
9.775884103686246937e-06
9.697689816396379053e-06
9.640012772360720189e-06
9.675937931186832206e-06
9.569133301680035308e-06
9.626151906154625944e-06
9.601210768389000481e-06
