1.093841979935017326e-05
1.086434817315365479e-05
1.094783382602236688e-05
1.087443256457962082e-05
1.093198036845380430e-05
1.081385977617940466e-05
1.087986672113716395e-05
1.140120236761166452e-05
1.208988741689285759e-05
1.297953483967776850e-05
1.432682894367574028e-05
1.674338778922443676e-05
2.151006059733799516e-05
2.674476478675180113e-05
3.369476890830593556e-05
4.206255978187398295e-05
5.232816823110077355e-05
7.439986562874179932e-05
1.049682275467648526e-04
1.454351847806297003e-04
1.765222692889964582e-04
1.909285524371410212e-04
2.020872389221479808e-04
2.296043005919811081e-04
2.696367571354536894e-04
2.973402618605815000e-04
3.298267193601191844e-04
3.630511255881958528e-04
3.923011801136025911e-04
4.135398197876597251e-04
4.418068648011875209e-04
4.701001596968311055e-04
5.010310571511330906e-04
5.225533990162328519e-04
5.432528252645082425e-04
5.760012335069785404e-04
6.199950551619315842e-04
7.115204382781825090e-04
1.062425944650292539e-03
2.239532616146061063e-03
4.371550434955254194e-03
8.576143577879795712e-03
1.704664798604000470e-02
3.051219724916226159e-02
4.637302592492925646e-02
6.728790483715436921e-02
8.885895577247417132e-02
1.108953779563342096e-01
1.370133422028952941e-01
1.722951587471070745e-01
2.038140719660823386e-01
2.298670394994742072e-01
2.463930674729376824e-01
2.583074281099023151e-01
2.669542021871046389e-01
2.724661013269193410e-01
2.747441833070456418e-01
2.746152816595456847e-01
2.711066547073636701e-01
2.633530483429404323e-01
2.538049173973754846e-01
2.398242238643820690e-01
2.221137548896276737e-01
2.045887106141509315e-01
1.876249179487178842e-01
1.724417584171228091e-01
1.583354333401392200e-01
1.458379243965694516e-01
1.345355593713704334e-01
1.247258987545639686e-01
1.157826770325633553e-01
1.078396281038433019e-01
1.006620587489572283e-01
9.112072741909954532e-02
8.294378786917071256e-02
7.617855227862363465e-02
7.020844118257872635e-02
6.515077492972085049e-02
6.084787085075118312e-02
5.614399924904552031e-02
5.135644003598176244e-02
4.746742006735368835e-02
4.415046913308191823e-02
4.133291458964481052e-02
3.738111454719438703e-02
3.418916915554093272e-02
3.222678717137524018e-02
3.141033378109927415e-02
3.082721067386789277e-02
3.024284480123494781e-02
2.938678537887954093e-02
2.863514602894223077e-02
2.741483298991898368e-02
2.641439727007994023e-02
2.500534498311365525e-02
2.370280073839456034e-02
2.264274341933197182e-02
2.171266216604779420e-02
2.091502470879853803e-02
2.013198557278281231e-02
1.949903769307415394e-02
1.891896587614600236e-02
1.840434466131009653e-02
1.796809097325324789e-02
1.753650984175695107e-02
1.720898866895468129e-02
1.663320559510693408e-02
1.614715982205987624e-02
1.576318717817557294e-02
1.547068030904089932e-02
1.511357042602638930e-02
1.479371422526557824e-02
1.454994645671607752e-02
1.437968328808673056e-02
1.426020243359571449e-02
1.427553287592007829e-02
1.439183013519123970e-02
1.466426102718583133e-02
1.494731015250562629e-02
1.536470689711682408e-02
1.585067691878751933e-02
1.640753343588507648e-02
1.689934924050238291e-02
1.743103173632833819e-02
1.796670027271234094e-02
1.855992389628469130e-02
1.921233693259997294e-02
1.987255915960054950e-02
2.058165115315765611e-02
2.132064637249703187e-02
2.184546549405873631e-02
2.241546371414475727e-02
2.296301013310509537e-02
2.357238333618801376e-02
2.432350377477216982e-02
2.523025381704206010e-02
2.614893286493280219e-02
2.703192897286633284e-02
2.797781137753202821e-02
2.882184078696277060e-02
2.969351236292606250e-02
3.048149926322032618e-02
3.117027702770890432e-02
3.148946507038873077e-02
3.194799210463129813e-02
3.231690174456604281e-02
3.268036795597580035e-02
3.304129340276960175e-02
3.336927547500185415e-02
3.367420476526147149e-02
3.394545179235572419e-02
3.411181879862059535e-02
3.421163002783073059e-02
3.436492775708040875e-02
3.448982939662823682e-02
3.465350339574765209e-02
3.472573281380086224e-02
3.484316546773950918e-02
3.499655921090607386e-02
3.511186822484509140e-02
3.523833977594058309e-02
3.523400346369378461e-02
3.531077883755358998e-02
3.543445468833599649e-02
3.547333355007255967e-02
3.553483013866520768e-02
3.562158799009332993e-02
3.570033158721059446e-02
3.580201092228069842e-02
3.594027177426356578e-02
3.614637611455859961e-02
3.631701715616914711e-02
3.625866232312398296e-02
3.590448504127567025e-02
3.506882845829807638e-02
3.399442497689172948e-02
3.283600044974990806e-02
3.143421115380626990e-02
2.997804200080032844e-02
2.848872634602397577e-02
2.708896745500600362e-02
2.561552597256572597e-02
2.428829731651771864e-02
2.301883424765025291e-02
2.176921149875753886e-02
2.063814272038027101e-02
1.952071855848594092e-02
1.849242430771542989e-02
1.753202827481920023e-02
1.659929641504001921e-02
1.572159233049343074e-02
1.487664345290909580e-02
1.408438212338422070e-02
1.334855755358195332e-02
1.263526044780811236e-02
1.194068900888752005e-02
1.131299649276600212e-02
1.068478707323395997e-02
1.010314671920862009e-02
9.540771692501471071e-03
8.992521340567162860e-03
8.464877119954847262e-03
7.976139902539612636e-03
7.514292408011995390e-03
7.049164838947272888e-03
6.626674056076794182e-03
6.207647443667426747e-03
5.800767608873597450e-03
5.437346177558593716e-03
5.072174103184658341e-03
4.733967064924644169e-03
4.422244231130006281e-03
4.108820651042456064e-03
3.812015346622471806e-03
3.536825139095644676e-03
3.282957602292281563e-03
3.037434274597379438e-03
2.805154699521516474e-03
2.589366223865478302e-03
2.382913966819457784e-03
2.197329925915827552e-03
2.020378955650786561e-03
1.858612876861234168e-03
1.708096862035266179e-03
1.567293252117922010e-03
1.436393286715078764e-03
1.316693925715527744e-03
1.207874710117649636e-03
1.108974120778213586e-03
1.015575562473836502e-03
9.313207537361661674e-04
8.542635053117703624e-04
7.851285074752210880e-04
7.197188719079225397e-04
6.614930458582365643e-04
6.104279576810390465e-04
5.617498194957512656e-04
5.171323440560364904e-04
4.839122494792442541e-04
4.604166345509869010e-04
4.392377317414869389e-04
4.179439359879485983e-04
3.984797350340466807e-04
3.797956677425371992e-04
3.681827258023962586e-04
3.567769441967338201e-04
3.477874721099582871e-04
3.393889159405293521e-04
3.279525077145017411e-04
3.192876079944845864e-04
3.189830519357751302e-04
3.175540078848681082e-04
3.166068553255754867e-04
3.151806013323435940e-04
3.122814107476476735e-04
3.100491950771660219e-04
3.064157132055579115e-04
3.012401095058195961e-04
2.985866866356604293e-04
2.896288560404431745e-04
2.828090752186604787e-04
2.769280455354064616e-04
2.716539629518012608e-04
2.678285276793683110e-04
2.642019491515513411e-04
2.590969621076459400e-04
2.549223146869839191e-04
2.508144427341240214e-04
2.468044584737448532e-04
2.440161045553238743e-04
2.428567968816510868e-04
2.411452329540635466e-04
2.389890802779864865e-04
2.368329127297909428e-04
2.351550983687837886e-04
2.316070275244322982e-04
2.296809851007996627e-04
2.280593256357249477e-04
2.257223653945892379e-04
2.239277417097371257e-04
2.219637770253864324e-04
2.193543612298249430e-04
2.169959388112780579e-04
2.146654428543002472e-04
2.129383931825550090e-04
2.114389934231780471e-04
2.110317735159924482e-04
2.100929833098446210e-04
2.088452821184772444e-04
2.076037321984173459e-04
2.066242800445803045e-04
2.047613502583522970e-04
2.045294422990426124e-04
2.014195654996465035e-04
2.009661177860010725e-04
1.992018366971341900e-04
1.983164767558113465e-04
1.968889710111455295e-04
1.954246885973104429e-04
1.940878276293901380e-04
1.931779753222194148e-04
1.915502334063677950e-04
1.895082020803391589e-04
1.877866994633505557e-04
1.854279507318772838e-04
1.830777668104210639e-04
1.806233725579227531e-04
1.793438290453981080e-04
1.765271358648594011e-04
1.753752759070929834e-04
1.729418121675408717e-04
1.707198778051792151e-04
1.692020996244602085e-04
1.674124683840693523e-04
1.654584821145428956e-04
1.642228225512904274e-04
1.618798796508676629e-04
1.604304392095596795e-04
1.582636837513386554e-04
1.567353649496463185e-04
1.556350634104982028e-04
1.538681873281894303e-04
1.523880095652917471e-04
1.505083805750619596e-04
1.486020130084589590e-04
1.470449737904382158e-04
1.463688089373907516e-04
1.448638762679135209e-04
1.427966737026603833e-04
1.414311017858598191e-04
1.403436818928001134e-04
1.387844664740978248e-04
1.372139637867216433e-04
1.365544331481705639e-04
1.357946110672267478e-04
1.351614442395572384e-04
1.344940545831450820e-04
1.333227733410713108e-04
1.325126471614998123e-04
1.311675843401499837e-04
1.312345441051593494e-04
1.285295571038202989e-04
1.274343646249467181e-04
1.240296515808535910e-04
1.196911417613296069e-04
1.161899391891998897e-04
1.124065111944593019e-04
1.082994659475945416e-04
1.045651930159049889e-04
1.007845463627958017e-04
9.725705946405354817e-05
9.387565981159005392e-05
9.132613716440908915e-05
8.811511937162188680e-05
8.555813773434845903e-05
8.301065588421505581e-05
8.049263059999877431e-05
7.832103171786590739e-05
7.639912333302316795e-05
7.454384359156581851e-05
7.259570759068541821e-05
7.110908199671336037e-05
6.947058879828112480e-05
6.788258003503065165e-05
6.690152099727222240e-05
6.485679849074677970e-05
6.400903336586072324e-05
6.282433706016299054e-05
6.113458318841714207e-05
6.020665371096843978e-05
5.931064820897075194e-05
5.851882008841454000e-05
5.718948860168212819e-05
5.643739714179281516e-05
5.552662941659194940e-05
5.508605319260970765e-05
5.434281379521326699e-05
5.359995615772511886e-05
5.313961204863384822e-05
5.209388191004732719e-05
5.140157767461471153e-05
5.096214352759929482e-05
5.053650155902809351e-05
5.007343836326474799e-05
4.953973600511074051e-05
4.906500800363156284e-05
4.831281567296627765e-05
4.790591233829489404e-05
4.760440059424657014e-05
4.651249214974956063e-05
4.658333457611150351e-05
4.574117658872225002e-05
4.510592211236049060e-05
4.517880926622186557e-05
4.458197279104538857e-05
4.404163147714278012e-05
4.357095074833105408e-05
4.287205017986020484e-05
4.260102892014706009e-05
4.210426104292916394e-05
4.179079673291993894e-05
4.104660839055835681e-05
4.067178841333000760e-05
4.026461866068591224e-05
3.971917679712411105e-05
3.946120779163950654e-05
3.911134860962178642e-05
3.876606239666609581e-05
3.825864966006344876e-05
3.793482982346952140e-05
3.771673469180236618e-05
3.715930747544567256e-05
3.672657778892460202e-05
3.681851738927016562e-05
3.645505163346807247e-05
3.599255892188881655e-05
3.559016565645548870e-05
3.527557138361626043e-05
3.507135197015538334e-05
3.470760184572806482e-05
3.438670817156086105e-05
3.419697944283415158e-05
3.399321851936360585e-05
3.340243387044015472e-05
3.373696897403842754e-05
3.321340805007304189e-05
3.284148614631813380e-05
3.262324372979873616e-05
3.258539653906581871e-05
3.229782768942014796e-05
3.203423358204081334e-05
3.166942949685561999e-05
3.141502042246589320e-05
3.129583989083761471e-05
3.086088663433265018e-05
3.050687739238332162e-05
3.059554828797407170e-05
3.042689235419668276e-05
3.018518121281789363e-05
3.008129766077849429e-05
3.006945170425632825e-05
2.973113781023092614e-05
2.944388101145172532e-05
2.933498550231562190e-05
2.918297599600232225e-05
2.943976377522378881e-05
2.922862756024035831e-05
2.895430614268696020e-05
2.869265022964554704e-05
2.851218826499568568e-05
2.861571469298250213e-05
2.854796354168076533e-05
2.834291042770842951e-05
2.825361613328690951e-05
2.803431971563344330e-05
2.793635721420014955e-05
2.795074360028573522e-05
2.766062686929917868e-05
2.767416166148246894e-05
2.727030820576122050e-05
2.733096912826610256e-05
2.722410420269379510e-05
2.710519362705454381e-05
2.685175860882417314e-05
2.685580734877801711e-05
2.675364127672238038e-05
2.668525060676180268e-05
2.613475504788362577e-05
2.636048253967471992e-05
2.612738476358945767e-05
2.595225292142983058e-05
2.569060784889449879e-05
2.567434005457445330e-05
2.566643731969081718e-05
2.541168072941834790e-05
2.546827397357357523e-05
2.509017006966386598e-05
2.519089632657005835e-05
2.488940019702590720e-05
2.472044703278702916e-05
2.476081608332842025e-05
2.470050765640133936e-05
2.458493683813237334e-05
2.438762402773459197e-05
2.448040080819751350e-05
2.427712729889724481e-05
2.424519342945589278e-05
2.414107943357385574e-05
2.411315262026238993e-05
2.395735370085740542e-05
2.400806410543698712e-05
2.389903873679412316e-05
2.366677507179980157e-05
2.401099733205401806e-05
2.383602964474983390e-05
2.370376079994125155e-05
2.377533122262248875e-05
2.353353106206303142e-05
2.365075339500684765e-05
2.358507198981036877e-05
