 3.661904416195609e+01
-2.234065818955698e+00
 7.282606247537883e+00
 8.880851850280186e+00
 3.499092444827951e-01
 2.285836776659016e+00
-1.782538462417564e+01
 3.868366997605754e-01
 2.669617129979045e+00
 7.044401373278426e+00
-9.870894298802551e+00
 3.850263405732235e+00
-1.189957509033914e+01
 1.150956554198866e+00
 1.718883134720269e+01
 4.506384377323911e+00
 1.573953659144898e+00
 3.072013293666355e+00
-9.261898849007652e+00
-1.853195004387350e+00
-1.098887588303548e+01
-9.782488027124174e-01
-5.041612671753132e+00
 2.609872618008686e+01
 3.310235265247386e+00
-2.419029860024072e+00
-6.875438690643712e+00
-5.197013916220947e+00
-5.345260633832307e+00
-3.219345021173634e+00
-5.286010242919512e-01
-1.412950709061392e+01
-2.431487580854587e+00
-3.776060686184325e+00
-1.882722396138817e+01
-1.621116003778806e+01
-9.054388848095758e+00
-1.131121385286048e+01
-9.367002968890483e-01
-4.911758206132073e+00
 2.733772036860897e+01
-3.428864633979898e-01
-3.132736024287737e+00
-1.027704171969374e+01
-9.094122382285008e+00
-5.846439801432242e+00
-1.262140719805065e-01
-7.479680682696570e-01
-1.985042983585990e+01
-3.229036461827107e+00
-3.876976941313602e+00
-8.782926992266926e+00
