0.000000000000000e+00 0.000000000000000e+00 1.898981680080456e-02
2.500000000000000e+00 2.500000000000000e+00 9.815292834241445e-03
3.750000000000000e+00 1.250000000000000e+00 1.793318975454664e-02
1.250000000000000e+00 3.750000000000000e+00 9.705947381774022e-03
1.875000000000000e+00 1.875000000000000e+00 3.932135203201016e-02
4.375000000000000e+00 4.375000000000000e+00 8.749862489888212e-04
3.125000000000000e+00 6.250000000000000e-01 3.672384134125978e-02
6.250000000000000e-01 3.125000000000000e+00 3.859716347444324e-02
9.375000000000000e-01 1.562500000000000e+00 1.688786168389604e-01
3.437500000000000e+00 4.062500000000000e+00 1.126282772298758e-03
4.687500000000000e+00 3.125000000000000e-01 7.818919615816709e-03
2.187500000000000e+00 2.812500000000000e+00 1.011242653495695e-02
1.562500000000000e+00 9.375000000000000e-01 1.514984809386551e-01
4.062500000000000e+00 3.437500000000000e+00 3.609636482351223e-03
2.812500000000000e+00 2.187500000000000e+00 8.580890309820250e-03
3.125000000000000e-01 4.687500000000000e+00 5.744181330148388e-03
4.687500000000000e-01 2.343750000000000e+00 6.918288700169112e-02
2.968750000000000e+00 4.843750000000000e+00 3.557140599129296e-03
4.218750000000000e+00 1.093750000000000e+00 1.318768786465774e-02
1.718750000000000e+00 3.593750000000000e+00 4.361596758854910e-03
2.343750000000000e+00 4.687500000000000e-01 4.591170997120229e-02
4.843750000000000e+00 2.968750000000000e+00 5.814380888714475e-04
3.593750000000000e+00 1.718750000000000e+00 1.243522540377727e-02
1.093750000000000e+00 4.218750000000000e+00 7.176795319544784e-03
7.812500000000000e-01 7.812500000000000e-01 5.082368532072461e-01
3.281250000000000e+00 3.281250000000000e+00 1.224295854759765e-03
4.531250000000000e+00 2.031250000000000e+00 3.211662894686194e-03
2.031250000000000e+00 4.531250000000000e+00 8.405001059360403e-04
1.406250000000000e+00 1.406250000000000e+00 1.535812666189729e-01
3.906250000000000e+00 3.906250000000000e+00 6.725598266499752e-04
2.656250000000000e+00 1.562500000000000e-01 6.642260761258594e-03
1.562500000000000e-01 2.656250000000000e+00 2.587235527349440e-02
2.343750000000000e-01 1.328125000000000e+00 3.317466594978514e-02
2.734375000000000e+00 3.828125000000000e+00 1.563867951267158e-03
3.984375000000000e+00 7.812500000000000e-02 2.071597221900281e-03
1.484375000000000e+00 2.578125000000000e+00 3.156830893678473e-02
2.109375000000000e+00 7.031250000000000e-01 1.484697615571199e-01
4.609375000000000e+00 3.203125000000000e+00 4.872212196531699e-04
3.359375000000000e+00 1.953125000000000e+00 9.638075226055431e-03
8.593750000000000e-01 4.453125000000000e+00 8.177615580829469e-03
1.171875000000000e+00 3.906250000000000e-01 2.629371150094220e-01
3.671875000000000e+00 2.890625000000000e+00 1.161983856325945e-03
4.921875000000000e+00 1.640625000000000e+00 6.975008593034052e-03
2.421875000000000e+00 4.140625000000000e+00 9.460217222279145e-04
1.796875000000000e+00 2.265625000000000e+00 2.239565493226543e-02
4.296875000000000e+00 4.765625000000000e+00 7.491574869257786e-04
3.046875000000000e+00 1.015625000000000e+00 3.328181254664418e-02
5.468750000000000e-01 3.515625000000000e+00 3.037608083203701e-02
3.906250000000000e-01 1.171875000000000e+00 2.387191766197231e-01
2.890625000000000e+00 3.671875000000000e+00 2.561202863992703e-03
4.140625000000000e+00 2.421875000000000e+00 1.976520385254652e-03
1.640625000000000e+00 4.921875000000000e+00 7.555944268124179e-04
2.265625000000000e+00 1.796875000000000e+00 4.371368702772267e-02
4.765625000000000e+00 4.296875000000000e+00 7.788164801616026e-04
3.515625000000000e+00 5.468750000000000e-01 2.056460512161636e-02
1.015625000000000e+00 3.046875000000000e+00 2.979716442295919e-02
7.031250000000000e-01 2.109375000000000e+00 9.172299040008453e-02
3.203125000000000e+00 4.609375000000000e+00 3.238011651208904e-03
4.453125000000000e+00 8.593750000000000e-01 1.516287927357697e-02
1.953125000000000e+00 3.359375000000000e+00 5.674828016633517e-03
1.328125000000000e+00 2.343750000000000e-01 6.902851892730959e-02
3.828125000000000e+00 2.734375000000000e+00 6.687089352510756e-04
2.578125000000000e+00 1.484375000000000e+00 3.039932176773121e-02
7.812500000000000e-02 3.984375000000000e+00 2.185890916776640e-02
1.171875000000000e-01 1.992187500000000e+00 2.388731860611424e-02
2.617187500000000e+00 4.492187500000000e+00 2.992624349311227e-03
3.867187500000000e+00 7.421875000000000e-01 1.880709618798225e-02
1.367187500000000e+00 3.242187500000000e+00 1.700634660546766e-02
1.992187500000000e+00 1.171875000000000e-01 9.415433650268430e-03
4.492187500000000e+00 2.617187500000000e+00 1.164972273087122e-03
3.242187500000000e+00 1.367187500000000e+00 2.246543781850922e-02
7.421875000000000e-01 3.867187500000000e+00 1.927147864714053e-02
1.054687500000000e+00 1.054687500000000e+00 2.506574675910663e-01
3.554687500000000e+00 3.554687500000000e+00 8.950482195212522e-04
4.804687500000000e+00 2.304687500000000e+00 1.231758755642246e-03
2.304687500000000e+00 4.804687500000000e+00 9.527400898355637e-03
1.679687500000000e+00 1.679687500000000e+00 5.280452328317354e-02
4.179687500000000e+00 4.179687500000000e+00 1.316033347553271e-03
2.929687500000000e+00 4.296875000000000e-01 2.551610985045798e-02
4.296875000000000e-01 2.929687500000000e+00 4.955443609883166e-02
5.859375000000000e-01 5.859375000000000e-01 5.608387427981851e-01
3.085937500000000e+00 3.085937500000000e+00 1.577138606111132e-03
4.335937500000000e+00 1.835937500000000e+00 5.207945031840818e-03
1.835937500000000e+00 4.335937500000000e+00 3.147185403376313e-03
2.460937500000000e+00 2.460937500000000e+00 1.140338581197900e-02
4.960937500000000e+00 4.960937500000000e+00 4.197175289952932e-03
3.710937500000000e+00 1.210937500000000e+00 1.925517882717577e-02
1.210937500000000e+00 3.710937500000000e+00 1.124280623396399e-02
8.984375000000000e-01 1.523437500000000e+00 1.873503633982956e-01
3.398437500000000e+00 4.023437500000000e+00 1.092894392144515e-03
4.648437500000000e+00 2.734375000000000e-01 6.659154602044351e-03
2.148437500000000e+00 2.773437500000000e+00 1.078676931609076e-02
1.523437500000000e+00 8.984375000000000e-01 1.744264108926405e-01
4.023437500000000e+00 3.398437500000000e+00 7.778141077029785e-04
2.773437500000000e+00 2.148437500000000e+00 9.492122889702102e-03
2.734375000000000e-01 4.648437500000000e+00 3.933572827777911e-02
1.953125000000000e-01 6.640625000000000e-01 2.873850661819831e-02
2.695312500000000e+00 3.164062500000000e+00 2.332036126328825e-03
3.945312500000000e+00 1.914062500000000e+00 6.466070854972821e-03
1.445312500000000e+00 4.414062500000000e+00 3.903819370560471e-03
2.070312500000000e+00 1.289062500000000e+00 9.392888941167625e-02
4.570312500000000e+00 3.789062500000000e+00 2.572078988787581e-03
3.320312500000000e+00 3.906250000000000e-02 1.504148289138692e-03
8.203125000000000e-01 2.539062500000000e+00 5.661803677337103e-02
1.132812500000000e+00 2.226562500000000e+00 5.370181996447108e-02
3.632812500000000e+00 4.726562500000000e+00 1.160687524974336e-03
4.882812500000000e+00 9.765625000000000e-01 1.419282855248686e-02
2.382812500000000e+00 3.476562500000000e+00 3.893592747047853e-03
1.757812500000000e+00 3.515625000000000e-01 9.334161374860953e-02
4.257812500000000e+00 2.851562500000000e+00 7.689592572492506e-04
3.007812500000000e+00 1.601562500000000e+00 1.870416304029102e-02
5.078125000000000e-01 4.101562500000000e+00 1.645168163927622e-02
3.515625000000000e-01 1.757812500000000e+00 6.859816675779376e-02
2.851562500000000e+00 4.257812500000000e+00 1.756888482217264e-03
4.101562500000000e+00 5.078125000000000e-01 1.376746927416093e-02
1.601562500000000e+00 3.007812500000000e+00 1.481137858108271e-02
2.226562500000000e+00 1.132812500000000e+00 9.449911157022763e-02
4.726562500000000e+00 3.632812500000000e+00 4.173482229455249e-04
3.476562500000000e+00 2.382812500000000e+00 3.976894255548601e-03
9.765625000000000e-01 4.882812500000000e+00 7.344354996722893e-03
6.640625000000000e-01 1.953125000000000e-01 1.619741679814540e-01
3.164062500000000e+00 2.695312500000000e+00 2.560231851089356e-03
4.414062500000000e+00 1.445312500000000e+00 9.218287950779065e-03
1.914062500000000e+00 3.945312500000000e+00 4.645658490693666e-03
1.289062500000000e+00 2.070312500000000e+00 7.415001566109330e-02
3.789062500000000e+00 4.570312500000000e+00 1.154105984930372e-03
2.539062500000000e+00 8.203125000000000e-01 5.442620249701891e-02
3.906250000000000e-02 3.320312500000000e+00 2.041417591714606e-02
5.859375000000000e-02 1.660156250000000e+00 2.136120843822412e-02
2.558593750000000e+00 4.160156250000000e+00 1.041908861930217e-03
3.808593750000000e+00 4.101562500000000e-01 1.097175243170287e-02
1.308593750000000e+00 2.910156250000000e+00 2.560019252992464e-02
1.933593750000000e+00 1.035156250000000e+00 1.175408437430579e-01
4.433593750000000e+00 3.535156250000000e+00 5.997028992458610e-03
3.183593750000000e+00 2.285156250000000e+00 5.702869037567841e-03
6.835937500000000e-01 4.785156250000000e+00 8.525000663694538e-03
9.960937500000000e-01 9.765625000000000e-02 5.870828939755270e-02
3.496093750000000e+00 2.597656250000000e+00 2.408650388825708e-03
4.746093750000000e+00 1.347656250000000e+00 1.022229309765114e-02
2.246093750000000e+00 3.847656250000000e+00 2.302805520685369e-03
1.621093750000000e+00 1.972656250000000e+00 4.107611223998195e-02
4.121093750000000e+00 4.472656250000000e+00 9.489252090475703e-04
2.871093750000000e+00 7.226562500000000e-01 4.332520816526381e-02
3.710937500000000e-01 3.222656250000000e+00 1.579070270759778e-02
5.273437500000000e-01 8.789062500000000e-01 4.733326926702368e-01
3.027343750000000e+00 3.378906250000000e+00 1.505847752277822e-03
4.277343750000000e+00 2.128906250000000e+00 2.961762326462830e-03
1.777343750000000e+00 4.628906250000000e+00 7.814951422622224e-04
2.402343750000000e+00 1.503906250000000e+00 4.395514579836560e-02
4.902343750000000e+00 4.003906250000000e+00 8.543119093336806e-04
3.652343750000000e+00 2.539062500000000e-01 6.063383996712266e-03
1.152343750000000e+00 2.753906250000000e+00 2.948731457424006e-02
8.398437500000000e-01 2.441406250000000e+00 6.285140518031974e-02
3.339843750000000e+00 4.941406250000000e+00 1.365857412088349e-03
4.589843750000000e+00 1.191406250000000e+00 1.178496041549337e-02
2.089843750000000e+00 3.691406250000000e+00 3.134729265575681e-03
1.464843750000000e+00 5.664062500000000e-01 1.959579458910445e-01
3.964843750000000e+00 3.066406250000000e+00 8.250822448993492e-04
2.714843750000000e+00 1.816406250000000e+00 1.677323617706579e-02
2.148437500000000e-01 4.316406250000000e+00 2.996516562511885e-02
2.929687500000000e-01 3.320312500000000e-01 2.056275286554915e-01
2.792968750000000e+00 2.832031250000000e+00 3.856641359493840e-03
4.042968750000000e+00 1.582031250000000e+00 9.311264151682947e-03
1.542968750000000e+00 4.082031250000000e+00 3.470035462103222e-03
2.167968750000000e+00 2.207031250000000e+00 2.714680884436881e-02
4.667968750000000e+00 4.707031250000000e+00 7.029552584808060e-04
3.417968750000000e+00 9.570312500000000e-01 2.908396693320558e-02
9.179687500000000e-01 3.457031250000000e+00 2.306870308529753e-02
1.230468750000000e+00 1.269531250000000e+00 2.004669863500118e-01
3.730468750000000e+00 3.769531250000000e+00 2.706540408521551e-03
4.980468750000000e+00 1.953125000000000e-02 1.415005350561285e-03
2.480468750000000e+00 2.519531250000000e+00 1.010194543301296e-02
1.855468750000000e+00 6.445312500000000e-01 1.631938815164532e-01
4.355468750000000e+00 3.144531250000000e+00 5.790880682413686e-04
3.105468750000000e+00 1.894531250000000e+00 1.179693649374945e-02
6.054687500000000e-01 4.394531250000000e+00 1.380851467107376e-02
4.492187500000000e-01 2.050781250000000e+00 8.911731289114597e-02
2.949218750000000e+00 4.550781250000000e+00 9.452760252580296e-03
4.199218750000000e+00 8.007812500000000e-01 1.602606983061913e-02
1.699218750000000e+00 3.300781250000000e+00 1.050611615482112e-02
2.324218750000000e+00 1.757812500000000e-01 1.023289035664920e-02
4.824218750000000e+00 2.675781250000000e+00 9.774912666660944e-04
3.574218750000000e+00 1.425781250000000e+00 1.801751392848609e-02
1.074218750000000e+00 3.925781250000000e+00 1.146157720837776e-02
7.617187500000000e-01 1.113281250000000e+00 3.177604359168871e-01
3.261718750000000e+00 3.613281250000000e+00 1.480897820651258e-03
4.511718750000000e+00 2.363281250000000e+00 1.335035979326480e-03
2.011718750000000e+00 4.863281250000000e+00 1.336238557277704e-02
1.386718750000000e+00 1.738281250000000e+00 1.086480451629057e-01
3.886718750000000e+00 4.238281250000000e+00 1.874890791830765e-03
2.636718750000000e+00 4.882812500000000e-01 3.665518553815242e-02
1.367187500000000e-01 2.988281250000000e+00 2.469632427930906e-02
9.765625000000000e-02 9.960937500000000e-01 2.300201455612653e-02
2.597656250000000e+00 3.496093750000000e+00 3.656897908624052e-03
3.847656250000000e+00 2.246093750000000e+00 3.978235614023700e-03
1.347656250000000e+00 4.746093750000000e+00 1.046053211350540e-02
1.972656250000000e+00 1.621093750000000e+00 5.897758396032035e-02
4.472656250000000e+00 4.121093750000000e+00 1.035546533122417e-03
3.222656250000000e+00 3.710937500000000e-01 1.389549562025882e-02
7.226562500000000e-01 2.871093750000000e+00 4.490235142155502e-02
1.035156250000000e+00 1.933593750000000e+00 8.714248816529954e-02
3.535156250000000e+00 4.433593750000000e+00 2.296122108519076e-03
4.785156250000000e+00 6.835937500000000e-01 1.653963098602908e-02
2.285156250000000e+00 3.183593750000000e+00 3.790929594647078e-03
1.660156250000000e+00 5.859375000000000e-02 1.334567574580648e-02
4.160156250000000e+00 2.558593750000000e+00 1.462734024358036e-03
2.910156250000000e+00 1.308593750000000e+00 2.698991137103779e-02
4.101562500000000e-01 3.808593750000000e+00 1.050936546252872e-02
5.664062500000000e-01 1.464843750000000e+00 1.975699395005266e-01
3.066406250000000e+00 3.964843750000000e+00 1.543087465490831e-03
4.316406250000000e+00 2.148437500000000e-01 4.968123738129674e-03
1.816406250000000e+00 2.714843750000000e+00 1.192902481913008e-02
2.441406250000000e+00 8.398437500000000e-01 6.462819273860276e-02
4.941406250000000e+00 3.339843750000000e+00 1.015330433636964e-02
3.691406250000000e+00 2.089843750000000e+00 6.177042696989063e-03
1.191406250000000e+00 4.589843750000000e+00 3.573386692844296e-03
8.789062500000000e-01 5.273437500000000e-01 4.645374378941330e-01
3.378906250000000e+00 3.027343750000000e+00 1.393272088105826e-03
4.628906250000000e+00 1.777343750000000e+00 5.479573837218017e-03
2.128906250000000e+00 4.277343750000000e+00 8.389919813800770e-04
1.503906250000000e+00 2.402343750000000e+00 3.565683603141470e-02
4.003906250000000e+00 4.902343750000000e+00 8.014409491521278e-04
2.753906250000000e+00 1.152343750000000e+00 3.411305746312765e-02
2.539062500000000e-01 3.652343750000000e+00 3.588396069844803e-02
1.757812500000000e-01 2.324218750000000e+00 2.721635379269961e-02
2.675781250000000e+00 4.824218750000000e+00 9.472213819192062e-03
3.925781250000000e+00 1.074218750000000e+00 1.602113078475097e-02
1.425781250000000e+00 3.574218750000000e+00 9.627331118366500e-03
2.050781250000000e+00 4.492187500000000e-01 8.795911014426505e-02
4.550781250000000e+00 2.949218750000000e+00 6.250998919213437e-04
3.300781250000000e+00 1.699218750000000e+00 1.476243407253583e-02
8.007812500000000e-01 4.199218750000000e+00 1.202989581427895e-02
1.113281250000000e+00 7.617187500000000e-01 3.477348835242562e-01
3.613281250000000e+00 3.261718750000000e+00 1.050246834970259e-03
4.863281250000000e+00 2.011718750000000e+00 3.115695647103797e-03
2.363281250000000e+00 4.511718750000000e+00 5.151826058914510e-03
1.738281250000000e+00 1.386718750000000e+00 7.336768875136708e-02
4.238281250000000e+00 3.886718750000000e+00 3.528986764769688e-03
2.988281250000000e+00 1.367187500000000e-01 3.607399355393327e-03
4.882812500000000e-01 2.636718750000000e+00 5.586768456079010e-02
3.320312500000000e-01 2.929687500000000e-01 1.924886319607589e-01
2.832031250000000e+00 2.792968750000000e+00 3.542476242322086e-03
4.082031250000000e+00 1.542968750000000e+00 9.410806728428148e-03
1.582031250000000e+00 4.042968750000000e+00 3.522713057947594e-03
2.207031250000000e+00 2.167968750000000e+00 2.822435266673416e-02
4.707031250000000e+00 4.667968750000000e+00 7.031045962128939e-04
3.457031250000000e+00 9.179687500000000e-01 2.898770805864108e-02
9.570312500000000e-01 3.417968750000000e+00 2.376432319529599e-02
6.445312500000000e-01 1.855468750000000e+00 1.249155578550876e-01
3.144531250000000e+00 4.355468750000000e+00 1.214615448107604e-02
4.394531250000000e+00 6.054687500000000e-01 1.586884296461026e-02
1.894531250000000e+00 3.105468750000000e+00 6.782575580326943e-03
1.269531250000000e+00 1.230468750000000e+00 2.197614486737742e-01
3.769531250000000e+00 3.730468750000000e+00 2.932869129017166e-03
2.519531250000000e+00 2.480468750000000e+00 9.544592923307938e-03
1.953125000000000e-02 4.980468750000000e+00 1.967864596034570e-02
2.929687500000000e-02 2.490234375000000e+00 2.017515102125506e-02
2.529296875000000e+00 4.990234375000000e+00 9.846621103717097e-03
3.779296875000000e+00 1.240234375000000e+00 1.744994326039586e-02
1.279296875000000e+00 3.740234375000000e+00 9.057925981345600e-03
1.904296875000000e+00 6.152343750000000e-01 1.660985172126007e-01
4.404296875000000e+00 3.115234375000000e+00 5.598815025753259e-04
3.154296875000000e+00 1.865234375000000e+00 1.211984524773414e-02
6.542968750000000e-01 4.365234375000000e+00 1.276200702204044e-02
9.667968750000000e-01 9.277343750000000e-01 3.542030197819098e-01
3.466796875000000e+00 3.427734375000000e+00 1.001360988025722e-03
4.716796875000000e+00 2.177734375000000e+00 2.029494219024460e-03
2.216796875000000e+00 4.677734375000000e+00 6.183709572829891e-03
1.591796875000000e+00 1.552734375000000e+00 7.356038252564727e-02
4.091796875000000e+00 4.052734375000000e+00 2.023186689611342e-03
2.841796875000000e+00 3.027343750000000e-01 1.527532848343807e-02
3.417968750000000e-01 2.802734375000000e+00 2.176335441145566e-02
4.980468750000000e-01 1.464843750000000e-01 1.157378501672868e-01
2.998046875000000e+00 2.646484375000000e+00 3.271935314871351e-03
4.248046875000000e+00 1.396484375000000e+00 1.005306524419670e-02
1.748046875000000e+00 3.896484375000000e+00 5.291284637173139e-03
2.373046875000000e+00 2.021484375000000e+00 2.537548439571225e-02
4.873046875000000e+00 4.521484375000000e+00 7.090185577062766e-04
3.623046875000000e+00 7.714843750000000e-01 2.523516335997895e-02
1.123046875000000e+00 3.271484375000000e+00 1.895903445402529e-02
8.105468750000000e-01 1.708984375000000e+00 1.442239947123622e-01
3.310546875000000e+00 4.208984375000000e+00 1.699017498434936e-02
4.560546875000000e+00 4.589843750000000e-01 1.223887503782525e-02
2.060546875000000e+00 2.958984375000000e+00 7.628640292157139e-03
1.435546875000000e+00 1.083984375000000e+00 1.986252263107217e-01
3.935546875000000e+00 3.583984375000000e+00 3.477160985655548e-03
2.685546875000000e+00 2.333984375000000e+00 8.029771520845981e-03
1.855468750000000e-01 4.833984375000000e+00 2.752603920361264e-02
2.636718750000000e-01 1.162109375000000e+00 1.563282412936964e-01
2.763671875000000e+00 3.662109375000000e+00 2.701346855548353e-03
4.013671875000000e+00 2.412109375000000e+00 2.353413805911604e-03
1.513671875000000e+00 4.912109375000000e+00 7.767498280496696e-04
2.138671875000000e+00 1.787109375000000e+00 5.071361190037933e-02
4.638671875000000e+00 4.287109375000000e+00 8.181707052696520e-04
3.388671875000000e+00 5.371093750000000e-01 2.382494426388273e-02
8.886718750000000e-01 3.037109375000000e+00 3.512193973557910e-02
1.201171875000000e+00 2.099609375000000e+00 6.432165274859029e-02
3.701171875000000e+00 4.599609375000000e+00 1.232279452147551e-03
4.951171875000000e+00 8.496093750000000e-01 1.549742948675149e-02
2.451171875000000e+00 3.349609375000000e+00 4.420148569010559e-03
1.826171875000000e+00 2.246093750000000e-01 4.055288756195333e-02
4.326171875000000e+00 2.724609375000000e+00 9.461297411441726e-04
3.076171875000000e+00 1.474609375000000e+00 2.124332492596078e-02
5.761718750000000e-01 3.974609375000000e+00 2.083246178411800e-02
4.199218750000000e-01 1.318359375000000e+00 2.074659556270820e-01
2.919921875000000e+00 3.818359375000000e+00 1.525265660020403e-03
4.169921875000000e+00 6.835937500000000e-02 1.941801886842280e-03
1.669921875000000e+00 2.568359375000000e+00 1.776817970297041e-02
2.294921875000000e+00 6.933593750000000e-01 9.091669363203696e-02
4.794921875000000e+00 3.193359375000000e+00 6.864726455083362e-03
3.544921875000000e+00 1.943359375000000e+00 8.916281238157577e-03
1.044921875000000e+00 4.443359375000000e+00 9.076092495263427e-03
7.324218750000000e-01 3.808593750000000e-01 3.520189961244247e-01
3.232421875000000e+00 2.880859375000000e+00 7.171539747476672e-04
4.482421875000000e+00 1.630859375000000e+00 7.150703493160773e-03
1.982421875000000e+00 4.130859375000000e+00 3.042166562359089e-03
1.357421875000000e+00 2.255859375000000e+00 5.903681237359644e-02
3.857421875000000e+00 4.755859375000000e+00 9.272597472845831e-04
2.607421875000000e+00 1.005859375000000e+00 4.445369725137705e-02
1.074218750000000e-01 3.505859375000000e+00 2.316174459229292e-02
1.464843750000000e-01 4.980468750000000e-01 2.530520861720548e-02
2.646484375000000e+00 2.998046875000000e+00 5.722114679857560e-03
3.896484375000000e+00 1.748046875000000e+00 8.935986491831261e-03
1.396484375000000e+00 4.248046875000000e+00 3.892260090810783e-03
2.021484375000000e+00 2.373046875000000e+00 2.000681611238886e-02
4.521484375000000e+00 4.873046875000000e+00 7.036411425550717e-04
3.271484375000000e+00 1.123046875000000e+00 2.778621116883675e-02
7.714843750000000e-01 3.623046875000000e+00 2.268809217748105e-02
1.083984375000000e+00 1.435546875000000e+00 1.485927332050500e-01
3.583984375000000e+00 3.935546875000000e+00 8.098069296500546e-04
4.833984375000000e+00 1.855468750000000e-01 4.371168731874037e-03
2.333984375000000e+00 2.685546875000000e+00 1.158561841240413e-02
1.708984375000000e+00 8.105468750000000e-01 1.408347618503392e-01
4.208984375000000e+00 3.310546875000000e+00 7.412116547362384e-04
2.958984375000000e+00 2.060546875000000e+00 9.548660090377156e-03
4.589843750000000e-01 4.560546875000000e+00 7.048657375210448e-03
6.152343750000000e-01 1.904296875000000e+00 1.171196169567803e-01
3.115234375000000e+00 4.404296875000000e+00 1.025387725051424e-02
4.365234375000000e+00 6.542968750000000e-01 1.636540992017166e-02
1.865234375000000e+00 3.154296875000000e+00 6.807135494738983e-03
2.490234375000000e+00 2.929687500000000e-02 2.319663511660754e-03
4.990234375000000e+00 2.529296875000000e+00 1.327124934854430e-03
3.740234375000000e+00 1.279296875000000e+00 1.776099439286712e-02
1.240234375000000e+00 3.779296875000000e+00 9.633435984209841e-03
9.277343750000000e-01 9.667968750000000e-01 3.711024331003492e-01
3.427734375000000e+00 3.466796875000000e+00 1.007454708719048e-03
4.677734375000000e+00 2.216796875000000e+00 1.829017758638412e-03
2.177734375000000e+00 4.716796875000000e+00 6.407034666362075e-03
1.552734375000000e+00 1.591796875000000e+00 7.837044008335281e-02
4.052734375000000e+00 4.091796875000000e+00 1.967461907247314e-03
2.802734375000000e+00 3.417968750000000e-01 1.930861758184932e-02
3.027343750000000e-01 2.841796875000000e+00 2.198425338520779e-02
2.246093750000000e-01 1.826171875000000e+00 3.175791606099138e-02
2.724609375000000e+00 4.326171875000000e+00 1.732547183188407e-03
3.974609375000000e+00 5.761718750000000e-01 1.587621754907184e-02
1.474609375000000e+00 3.076171875000000e+00 2.015623427774516e-02
2.099609375000000e+00 1.201171875000000e+00 1.036269035798628e-01
4.599609375000000e+00 3.701171875000000e+00 4.528524064572105e-04
3.349609375000000e+00 2.451171875000000e+00 3.724224276401198e-03
8.496093750000000e-01 4.951171875000000e+00 3.720053367215691e-02
1.162109375000000e+00 2.636718750000000e-01 1.513859864169748e-01
3.662109375000000e+00 2.763671875000000e+00 6.882391186861347e-04
4.912109375000000e+00 1.513671875000000e+00 8.463158258896535e-03
2.412109375000000e+00 4.013671875000000e+00 2.397337277153249e-03
1.787109375000000e+00 2.138671875000000e+00 2.679568360640244e-02
4.287109375000000e+00 4.638671875000000e+00 7.832366128605013e-04
3.037109375000000e+00 8.886718750000000e-01 3.676701942896712e-02
5.371093750000000e-01 3.388671875000000e+00 3.316578309437340e-02
3.808593750000000e-01 7.324218750000000e-01 4.403359179916888e-01
2.880859375000000e+00 3.232421875000000e+00 1.756531065684191e-03
4.130859375000000e+00 1.982421875000000e+00 4.561372818674607e-03
1.630859375000000e+00 4.482421875000000e+00 4.974679769764530e-03
2.255859375000000e+00 1.357421875000000e+00 7.286109257205249e-02
4.755859375000000e+00 3.857421875000000e+00 1.170571961971472e-03
3.505859375000000e+00 1.074218750000000e-01 2.553646210755426e-03
1.005859375000000e+00 2.607421875000000e+00 4.566635093490878e-02
6.933593750000000e-01 2.294921875000000e+00 7.639918152913504e-02
3.193359375000000e+00 4.794921875000000e+00 2.173985369703846e-03
4.443359375000000e+00 1.044921875000000e+00 1.330193444848845e-02
1.943359375000000e+00 3.544921875000000e+00 4.323252196019279e-03
1.318359375000000e+00 4.199218750000000e-01 1.993515554523162e-01
3.818359375000000e+00 2.919921875000000e+00 9.623314890365981e-04
2.568359375000000e+00 1.669921875000000e+00 2.514984520002122e-02
6.835937500000000e-02 4.169921875000000e+00 2.146108250298936e-02
4.882812500000000e-02 8.300781250000000e-01 2.097086243559284e-02
2.548828125000000e+00 3.330078125000000e+00 3.741406585432749e-03
3.798828125000000e+00 2.080078125000000e+00 5.737501442215806e-03
1.298828125000000e+00 4.580078125000000e+00 3.671403083599694e-03
1.923828125000000e+00 1.455078125000000e+00 7.057154797764323e-02
4.423828125000000e+00 3.955078125000000e+00 1.434048800791731e-03
3.173828125000000e+00 2.050781250000000e-01 5.245042539255007e-03
6.738281250000000e-01 2.705078125000000e+00 5.381750442049880e-02
9.863281250000000e-01 2.392578125000000e+00 5.889839164920302e-02
3.486328125000000e+00 4.892578125000000e+00 1.182425112624584e-03
4.736328125000000e+00 1.142578125000000e+00 1.234809472244127e-02
2.236328125000000e+00 3.642578125000000e+00 2.833015486284562e-03
1.611328125000000e+00 5.175781250000000e-01 1.381709764183402e-01
4.111328125000000e+00 3.017578125000000e+00 7.053433783618945e-04
2.861328125000000e+00 1.767578125000000e+00 1.596525341823744e-02
3.613281250000000e-01 4.267578125000000e+00 6.100120784130098e-03
5.175781250000000e-01 1.611328125000000e+00 1.574264872501301e-01
3.017578125000000e+00 4.111328125000000e+00 2.186165299435793e-03
4.267578125000000e+00 3.613281250000000e-01 9.208555269289915e-03
1.767578125000000e+00 2.861328125000000e+00 1.047449082176611e-02
2.392578125000000e+00 9.863281250000000e-01 6.811834287704194e-02
4.892578125000000e+00 3.486328125000000e+00 9.489917723318706e-03
3.642578125000000e+00 2.236328125000000e+00 4.822584604752003e-03
1.142578125000000e+00 4.736328125000000e+00 5.326414479321000e-03
8.300781250000000e-01 4.882812500000000e-02 4.733419753101081e-02
3.330078125000000e+00 2.548828125000000e+00 3.043447725531416e-03
4.580078125000000e+00 1.298828125000000e+00 1.068627945603766e-02
2.080078125000000e+00 3.798828125000000e+00 3.250572645774325e-03
1.455078125000000e+00 1.923828125000000e+00 7.271192823120455e-02
3.955078125000000e+00 4.423828125000000e+00 1.163807224951248e-03
2.705078125000000e+00 6.738281250000000e-01 4.735181118000141e-02
2.050781250000000e-01 3.173828125000000e+00 2.926819129153573e-02
2.832031250000000e-01 2.158203125000000e+00 3.953424874482808e-02
2.783203125000000e+00 4.658203125000000e+00 1.109021949561341e-02
4.033203125000000e+00 9.082031250000000e-01 1.600370693009236e-02
1.533203125000000e+00 3.408203125000000e+00 1.369732102685190e-02
2.158203125000000e+00 2.832031250000000e-01 2.511008398468265e-02
4.658203125000000e+00 2.783203125000000e+00 8.066912362293498e-04
3.408203125000000e+00 1.533203125000000e+00 1.752443592210942e-02
9.082031250000000e-01 4.033203125000000e+00 1.192504252379215e-02
1.220703125000000e+00 1.220703125000000e+00 2.112693671896652e-01
3.720703125000000e+00 3.720703125000000e+00 2.836136633022656e-03
4.970703125000000e+00 2.470703125000000e+00 1.619289801994577e-03
2.470703125000000e+00 4.970703125000000e+00 1.235104867501764e-02
1.845703125000000e+00 1.845703125000000e+00 4.059186497704584e-02
4.345703125000000e+00 4.345703125000000e+00 9.120375594274335e-04
3.095703125000000e+00 5.957031250000000e-01 3.606742455727373e-02
5.957031250000000e-01 3.095703125000000e+00 3.991299940269790e-02
4.394531250000000e-01 4.394531250000000e-01 3.657525984403385e-01
2.939453125000000e+00 2.939453125000000e+00 4.187642777761052e-03
4.189453125000000e+00 1.689453125000000e+00 7.170521069031484e-03
1.689453125000000e+00 4.189453125000000e+00 2.693136758061258e-03
2.314453125000000e+00 2.314453125000000e+00 1.959166619950008e-02
4.814453125000000e+00 4.814453125000000e+00 6.907199964060838e-04
3.564453125000000e+00 1.064453125000000e+00 2.442393011700063e-02
1.064453125000000e+00 3.564453125000000e+00 1.814372366419415e-02
7.519531250000000e-01 1.376953125000000e+00 2.187475282823287e-01
3.251953125000000e+00 3.876953125000000e+00 1.822246204599715e-03
4.501953125000000e+00 1.269531250000000e-01 2.997405427743972e-03
2.001953125000000e+00 2.626953125000000e+00 1.330648334358316e-02
1.376953125000000e+00 7.519531250000000e-01 3.144256920424432e-01
3.876953125000000e+00 3.251953125000000e+00 9.175981401744527e-04
2.626953125000000e+00 2.001953125000000e+00 1.447739398895004e-02
1.269531250000000e-01 4.501953125000000e+00 2.407562061765334e-02
8.789062500000000e-02 1.494140625000000e+00 2.258829618196307e-02
2.587890625000000e+00 3.994140625000000e+00 1.713383893636367e-03
3.837890625000000e+00 2.441406250000000e-01 5.734229867243168e-03
1.337890625000000e+00 2.744140625000000e+00 3.254154399135520e-02
1.962890625000000e+00 8.691406250000000e-01 1.447113043294976e-01
4.462890625000000e+00 3.369140625000000e+00 5.656672098912031e-03
3.212890625000000e+00 2.119140625000000e+00 7.641523375864492e-03
7.128906250000000e-01 4.619140625000000e+00 8.572178924267863e-03
1.025390625000000e+00 5.566406250000000e-01 3.546242749987558e-01
3.525390625000000e+00 3.056640625000000e+00 1.240146256631104e-03
4.775390625000000e+00 1.806640625000000e+00 5.107004383895338e-03
2.275390625000000e+00 4.306640625000000e+00 9.105836139575039e-04
1.650390625000000e+00 2.431640625000000e+00 2.178685056482021e-02
4.150390625000000e+00 4.931640625000000e+00 7.543804910892544e-04
2.900390625000000e+00 1.181640625000000e+00 3.054203089553031e-02
4.003906250000000e-01 3.681640625000000e+00 1.138292470507716e-02
5.566406250000000e-01 1.025390625000000e+00 3.844394676661084e-01
3.056640625000000e+00 3.525390625000000e+00 1.720980978101036e-03
4.306640625000000e+00 2.275390625000000e+00 2.080589817466516e-03
1.806640625000000e+00 4.775390625000000e+00 7.827095109110024e-04
2.431640625000000e+00 1.650390625000000e+00 3.488025608307019e-02
4.931640625000000e+00 4.150390625000000e+00 7.881382415313770e-04
3.681640625000000e+00 4.003906250000000e-01 1.090872031055200e-02
1.181640625000000e+00 2.900390625000000e+00 2.457772549159081e-02
8.691406250000000e-01 1.962890625000000e+00 1.092700011003995e-01
3.369140625000000e+00 4.462890625000000e+00 3.254919014732115e-03
4.619140625000000e+00 7.128906250000000e-01 1.638394177519954e-02
2.119140625000000e+00 3.212890625000000e+00 4.510784548588784e-03
1.494140625000000e+00 8.789062500000000e-02 2.159325748943654e-02
3.994140625000000e+00 2.587890625000000e+00 1.590837969491450e-03
2.744140625000000e+00 1.337890625000000e+00 2.953576142376211e-02
2.441406250000000e-01 3.837890625000000e+00 3.363712659724379e-02
1.660156250000000e-01 1.660156250000000e-01 2.627375439228201e-02
2.666015625000000e+00 2.666015625000000e+00 5.411299565502768e-03
3.916015625000000e+00 1.416015625000000e+00 1.279732273182183e-02
1.416015625000000e+00 3.916015625000000e+00 2.182362990719913e-02
2.041015625000000e+00 2.041015625000000e+00 3.376243251269783e-02
4.541015625000000e+00 4.541015625000000e+00 7.503851552876500e-04
3.291015625000000e+00 7.910156250000000e-01 3.430245618850056e-02
7.910156250000000e-01 3.291015625000000e+00 2.883498246437569e-02
1.103515625000000e+00 1.728515625000000e+00 1.011771248182278e-01
3.603515625000000e+00 4.228515625000000e+00 4.278349128137274e-03
4.853515625000000e+00 4.785156250000000e-01 1.295076215750968e-02
2.353515625000000e+00 2.978515625000000e+00 7.326183164480055e-03
1.728515625000000e+00 1.103515625000000e+00 1.022649232701819e-01
4.228515625000000e+00 3.603515625000000e+00 4.766151538273302e-03
2.978515625000000e+00 2.353515625000000e+00 5.666618240722315e-03
4.785156250000000e-01 4.853515625000000e+00 7.394582291383469e-03
3.222656250000000e-01 2.197265625000000e+00 3.617826366518063e-02
2.822265625000000e+00 4.697265625000000e+00 8.465451706558970e-03
4.072265625000000e+00 9.472656250000000e-01 1.537771925589781e-02
1.572265625000000e+00 3.447265625000000e+00 1.251273661545508e-02
2.197265625000000e+00 3.222656250000000e-01 2.957159462459653e-02
4.697265625000000e+00 2.822265625000000e+00 7.492123763133069e-04
3.447265625000000e+00 1.572265625000000e+00 1.640408835838338e-02
9.472656250000000e-01 4.072265625000000e+00 1.030711044729666e-02
6.347656250000000e-01 6.347656250000000e-01 5.805329847357936e-01
3.134765625000000e+00 3.134765625000000e+00 1.468761825436207e-03
4.384765625000000e+00 1.884765625000000e+00 4.652377787872850e-03
1.884765625000000e+00 4.384765625000000e+00 7.898325329720829e-04
1.259765625000000e+00 1.259765625000000e+00 2.098829161108776e-01
3.759765625000000e+00 3.759765625000000e+00 2.790884505289522e-03
2.509765625000000e+00 9.765625000000000e-03 1.770820452199042e-03
9.765625000000000e-03 2.509765625000000e+00 1.949427318684788e-02
