4.001883061574349995e+03
4.005683061574350177e+03
4.008058061574350177e+03
4.009008061574349995e+03
4.009245561574350177e+03
4.009332573669392787e+03
4.009363955264173001e+03
4.009394588229627061e+03
4.009420902133953859e+03
4.009445808278293043e+03
4.009488851268265989e+03
4.009564115900459001e+03
4.009671602174872987e+03
4.009779088449286974e+03
4.009886574723700051e+03
4.009994060998114037e+03
4.010101547272527114e+03
4.010287404073882954e+03
4.010473260875238793e+03
4.010659117676595088e+03
4.010772008700029801e+03
4.010816944153060831e+03
4.010851898294713010e+03
4.010928243490141085e+03
4.011025275041221903e+03
4.011086939331647045e+03
4.011148603622073097e+03
4.011210267912497784e+03
4.011259983171885779e+03
4.011297749400237080e+03
4.011335515628587018e+03
4.011373281856937865e+03
4.011411048085289167e+03
4.011433583915976214e+03
4.011456119746662807e+03
4.011478655577349855e+03
4.011501191408036902e+03
4.011523727238723950e+03
4.011552057381784834e+03
4.011580387524846174e+03
4.011602089271340901e+03
4.011625238661436015e+03
4.011652288725919789e+03
4.011679338790404017e+03
4.011703197329734849e+03
4.011727854226945055e+03
4.011749269432335041e+03
4.011769555123587907e+03
4.011792653117622194e+03
4.011824188019998928e+03
4.011855722922376117e+03
4.011887257824751941e+03
4.011912108487740170e+03
4.011936959150727944e+03
4.011961809813716172e+03
4.011986660476703037e+03
4.012011511139690811e+03
4.012036361802679039e+03
4.012074726663111051e+03
4.012113091523543062e+03
4.012151456383975074e+03
4.012200022237866051e+03
4.012258789085215085e+03
4.012317555932564119e+03
4.012376322779913153e+03
4.012435089627262187e+03
4.012493856474611221e+03
4.012552623321959800e+03
4.012611390169308834e+03
4.012670157016657868e+03
4.012728923864006902e+03
4.012787690711355935e+03
4.012846457558704969e+03
4.012940713777017208e+03
4.013034969995328993e+03
4.013129226213639868e+03
4.013223482431952107e+03
4.013317738650263891e+03
4.013411994868576130e+03
4.013530494477155116e+03
4.013673237476002214e+03
4.013815980474848857e+03
4.013958723473695954e+03
4.014101466472543962e+03
4.014334336142732809e+03
4.014567205812923021e+03
4.014748271614334044e+03
4.014824035252283011e+03
4.014885227756280074e+03
4.014946420260277137e+03
4.015043380674379932e+03
4.015140341088484092e+03
4.015293543458883050e+03
4.015446745829281099e+03
4.015690466011869830e+03
4.015934186194459016e+03
4.016177906377046838e+03
4.016421626559636024e+03
4.016665346742225211e+03
4.016909066924813033e+03
4.017152787107402219e+03
4.017396507289990950e+03
4.017640227472580136e+03
4.017883947655167958e+03
4.018127667837757144e+03
4.018371388020345876e+03
4.018802684295093059e+03
4.019233980569839787e+03
4.019665276844586970e+03
4.020096573119335062e+03
4.020654810763921887e+03
4.021339989778348809e+03
4.022025168792777094e+03
4.022710347807204016e+03
4.023653202811795836e+03
4.024853733806552100e+03
4.026054264801307909e+03
4.027254795796065082e+03
4.028455326790820891e+03
4.029655857785577155e+03
4.030856388780332964e+03
4.032056919775090137e+03
4.032935678144406211e+03
4.033814436513723194e+03
4.034693194883038814e+03
4.035571953252355797e+03
4.036450711621671871e+03
4.037329469990988855e+03
4.038208228360304929e+03
4.039086986729621913e+03
4.039718933428985110e+03
4.040350880128346944e+03
4.040982826827710142e+03
4.041614773527072884e+03
4.042442774700227801e+03
4.043466830347174891e+03
4.044490885994121982e+03
4.045514941641069072e+03
4.046538997288016162e+03
4.047563052934962798e+03
4.048587108581909888e+03
4.049611164228856978e+03
4.050495793463921018e+03
4.051045366751362963e+03
4.051616174764544212e+03
4.052208217503466130e+03
4.052800260242388049e+03
4.053392302981309967e+03
4.053984345720231886e+03
4.054576388459153804e+03
4.055082633951764819e+03
4.055390311587984797e+03
4.055697989224206140e+03
4.056005666860426118e+03
4.056313344496647005e+03
4.056621022132866983e+03
4.056928699769086961e+03
4.057236377405307849e+03
4.057544055041527827e+03
4.057851732677749169e+03
4.058159410313969147e+03
4.058386540366981080e+03
4.058613670419993014e+03
4.058840800473004947e+03
4.059067930526016880e+03
4.059295060579028814e+03
4.059585264854602883e+03
4.059938543352739998e+03
4.060491946637353976e+03
4.061245474708442998e+03
4.062670858231711009e+03
4.064768097207158007e+03
4.066865336182605006e+03
4.070482894761621992e+03
4.074100453340639888e+03
4.077718011919657783e+03
4.081335570498676134e+03
4.085135570498675861e+03
4.088935570498676043e+03
4.092735570498677134e+03
4.096535570498676861e+03
4.100335570498676134e+03
4.104135570498675406e+03
4.107935570498674679e+03
4.111735570498673951e+03
4.115535570498673223e+03
4.119335570498671586e+03
4.123135570498671768e+03
4.126935570498671041e+03
4.130735570498670313e+03
4.134535570498669586e+03
4.138335570498668858e+03
4.142135570498668130e+03
4.145935570498667403e+03
4.149735570498666675e+03
4.153535570498665948e+03
4.157335570498665220e+03
4.161135570498663583e+03
4.164935570498663765e+03
4.168735570498663037e+03
4.172535570498662310e+03
4.176335570498661582e+03
4.180135570498660854e+03
4.183935570498660127e+03
4.187735570498659399e+03
4.191535570498658672e+03
4.195335570498657944e+03
4.199135570498657216e+03
4.202935570498655579e+03
4.206735570498655761e+03
4.210535570498655034e+03
4.214335570498654306e+03
4.218135570498653578e+03
4.221935570498652851e+03
4.225735570498652123e+03
4.229535570498651396e+03
4.233335570498650668e+03
4.237135570498649940e+03
4.240935570498649213e+03
4.244735570498647576e+03
4.248535570498647758e+03
4.252335570498647030e+03
4.256135570498646302e+03
4.259935570498645575e+03
4.263735570498644847e+03
4.267535570498644120e+03
4.271335570498643392e+03
4.275135570498642664e+03
4.278935570498641937e+03
4.282735570498641209e+03
4.286535570498639572e+03
4.290335570498639754e+03
4.294135570498639026e+03
4.297935570498638299e+03
4.301735570498637571e+03
4.305535570498636844e+03
4.309335570498636116e+03
4.313135570498635389e+03
4.316220065894971412e+03
4.318589056687640550e+03
4.320958047480312416e+03
4.323327038272983373e+03
4.325696029065654329e+03
4.328065019858325286e+03
4.329575006769548963e+03
4.331084993680772641e+03
4.332594980591996318e+03
4.334104967503219996e+03
4.335614954414443673e+03
4.337124941325667351e+03
4.337260253865212690e+03
4.337395566404758029e+03
4.337634013513038553e+03
4.337951592934851760e+03
4.338348304670197649e+03
4.338745016405544447e+03
4.339452378825532833e+03
4.340159741245522127e+03
4.340867103665511422e+03
4.342338730052782012e+03
4.343810356440052601e+03
4.345019106042560452e+03
4.345964978860305564e+03
4.346910851678050676e+03
4.347856724495795788e+03
4.348802597313540900e+03
4.349748470131286012e+03
4.350694342949031125e+03
4.351640215766776237e+03
4.352407880567249777e+03
4.352785614397179415e+03
4.353163348227109054e+03
4.353640260459752426e+03
4.354216351095106802e+03
4.354792441730462087e+03
4.355368532365817373e+03
4.355944623001172658e+03
4.356520713636527944e+03
4.357096804271883229e+03
4.357672894907239424e+03
4.358248985542593800e+03
4.358825076177949086e+03
4.359401166813304371e+03
4.359977257448659657e+03
4.360553348084014942e+03
4.360929059378087914e+03
4.361304770672160885e+03
4.361680481966233856e+03
4.361926606621824249e+03
4.362172731277414641e+03
4.362522522325843966e+03
4.362975979767112221e+03
4.363429437208379568e+03
4.363882894649648733e+03
4.364336352090916989e+03
4.364789809532185245e+03
4.365243266973454411e+03
4.365696724414721757e+03
4.366150181855990013e+03
4.366603639297258269e+03
4.367057096738527434e+03
4.367510554179794781e+03
4.368127229440411611e+03
4.368907122520377015e+03
4.369687015600342420e+03
4.370466908680307824e+03
4.371246801760273229e+03
4.372026694840238633e+03
4.372806587920204038e+03
4.373586481000169442e+03
4.374366374080134847e+03
4.375146267160100251e+03
4.375926160240065656e+03
4.376706053320031060e+03
4.377485946399995555e+03
4.378265839479961869e+03
4.379045732559927274e+03
4.379825625639892678e+03
4.380605518719858082e+03
4.381385411799822577e+03
4.382165304879788891e+03
4.382945197959754296e+03
4.383725091039719700e+03
4.384504984119685105e+03
4.385284877199651419e+03
4.386064770279615914e+03
4.386844663359581318e+03
4.387624556439546723e+03
4.388404449519512127e+03
4.389184342599478441e+03
4.389964235679442936e+03
4.390977451011343874e+03
4.391678268707499228e+03
4.392061036523979055e+03
4.392443804340458883e+03
4.392826572156938710e+03
4.393332995349928751e+03
4.393963073919429007e+03
4.394593152488929263e+03
4.395223231058430429e+03
4.395853309627929775e+03
4.396829060663458222e+03
4.397804811698986668e+03
4.400210986729686738e+03
4.403168909634466218e+03
4.406126832539245697e+03
4.409084755444025177e+03
4.412463716896414553e+03
4.416263716896413825e+03
4.420063716896413098e+03
4.423863716896412370e+03
4.427663716896411643e+03
4.431463716896410915e+03
4.435263716896410187e+03
4.439063716896408550e+03
4.442863716896408732e+03
4.446663716896408005e+03
4.450463716896407277e+03
4.454263716896406549e+03
4.458063716896405822e+03
4.461863716896405094e+03
4.465663716896404367e+03
4.469463716896403639e+03
4.473263716896402912e+03
4.477063716896402184e+03
4.480863716896400547e+03
4.484663716896400729e+03
4.488463716896400001e+03
4.492263716896399274e+03
4.496063716896398546e+03
4.499863716896397818e+03
4.503663716896397091e+03
4.507463716896396363e+03
4.511263716896395636e+03
4.515063716896394908e+03
4.518863716896394180e+03
4.522663716896393453e+03
4.526463716896392725e+03
4.530263716896391998e+03
4.534063716896391270e+03
4.537863716896391452e+03
4.541663716896389815e+03
4.545463716896389087e+03
4.549263716896388360e+03
4.553063716896387632e+03
4.556863716896386904e+03
4.560663716896386177e+03
4.564463716896385449e+03
4.568263716896384722e+03
4.572063716896383994e+03
4.575863716896383266e+03
4.579663716896383448e+03
4.583463716896381811e+03
4.587263716896381084e+03
4.591063716896380356e+03
4.594863716896379628e+03
4.598663716896378901e+03
4.602463716896378173e+03
4.606263716896377446e+03
4.610063716896376718e+03
4.613863716896375990e+03
4.617663716896375263e+03
4.621463716896375445e+03
4.625263716896373808e+03
4.629063716896373080e+03
4.632863716896372352e+03
4.636663716896371625e+03
4.640463716896370897e+03
4.644263716896370170e+03
4.648063716896369442e+03
4.651863716896368715e+03
4.655663716896367987e+03
4.659463716896367259e+03
4.663263716896367441e+03
4.667063716896365804e+03
4.670863716896365077e+03
4.674663716896364349e+03
4.678463716896363621e+03
4.682263716896362894e+03
4.686063716896362166e+03
4.689863716896361439e+03
4.693663716896360711e+03
4.697463716896359983e+03
4.701263716896359256e+03
4.705063716896359438e+03
4.708863716896357801e+03
4.712663716896357073e+03
4.716463716896356345e+03
4.720263716896355618e+03
4.724063716896354890e+03
4.727863716896354163e+03
4.731663716896353435e+03
4.735463716896352707e+03
4.739263716896351980e+03
4.743063716896351252e+03
4.746863716896351434e+03
4.750663716896349797e+03
4.754463716896349069e+03
4.758263716896348342e+03
4.762063716896347614e+03
4.765863716896346887e+03
4.769663716896346159e+03
4.773463716896345431e+03
4.777263716896344704e+03
4.781063716896343976e+03
4.784863716896343249e+03
4.788663716896343431e+03
4.792463716896341793e+03
4.796263716896341066e+03
4.800063716896340338e+03
4.803863716896339611e+03
4.807663716896338883e+03
4.811463716896338155e+03
4.815263716896337428e+03
4.819063716896336700e+03
4.822863716896335973e+03
4.826663716896335245e+03
4.830463716896335427e+03
4.834263716896333790e+03
4.838063716896333062e+03
4.841863716896332335e+03
4.845663716896331607e+03
4.849463716896330880e+03
4.853263716896330152e+03
4.857063716896329424e+03
4.860863716896328697e+03
4.864663716896327969e+03
4.868463716896327242e+03
4.872263716896327423e+03
4.876063716896325786e+03
4.879863716896325059e+03
4.883663716896324331e+03
4.887463716896323604e+03
4.891263716896322876e+03
4.895063716896322148e+03
4.898863716896321421e+03
4.902663716896320693e+03
4.906463716896319966e+03
4.910263716896319238e+03
4.914063716896319420e+03
4.917863716896317783e+03
4.921663716896317055e+03
4.925463716896316328e+03
4.929263716896315600e+03
4.933063716896314872e+03
4.936863716896314145e+03
4.940663716896313417e+03
4.944463716896312690e+03
4.948263716896311962e+03
4.952063716896311234e+03
4.955863716896311416e+03
4.959663716896309779e+03
4.963463716896309052e+03
4.967263716896308324e+03
4.971063716896307596e+03
4.974863716896306869e+03
4.978663716896306141e+03
4.982463716896305414e+03
4.986263716896304686e+03
4.990063716896303958e+03
